0 5572 gas_prices_hist CodIBGE
3509106 3515806        0.620966511
3509106 3548302         0.61686115
3509106 5001904        0.584184051
3509106 3533106        0.588167824
3509106 3500808        0.605877968
3509106 3555109        0.573168546
3509106 3547106        0.545131569
3509106 3541208        0.477175715
3509106 3530201        0.547906085
3509106 3501301        0.575716725
3509106 3528700        0.333655382
3509106 3538303        0.260161746
3509106 3547700        0.354329492
3509106 3541307        0.217655828
3509106 3543238        0.403726464
3509106 3514403        0.471146037
3509106 3534807        0.382890742
3509106 3535408        0.361767804
3509106 3541505        0.148540579
3509106 3515129        0.514482761
3511003 5007802        0.642809199
3511003 3526001        0.567622716
3511003 3534807        0.635305505
3511003 3555109        0.493076998
3511003 3520442        0.560550256
3511003 3535408        0.634704334
3511003 3521606        0.627778374
3511003 3549300        0.341668736
3511003 3536406        0.372890304
3511003 3537404        0.513254969
3511003 3547106        0.451164081
3511003 3526506         0.59425594
3511003 3530102        0.476461876
3511003 3533106        0.431357862
3511003 3531605        0.357249909
3511003 3532108        0.286513299
3511003 3523008         0.32915947
3511003 3533205        0.246426407
3511003 3502101        0.248398696
3511003 3517802        0.346714584
3514403 3533205        0.428723265
3514403 3500808        0.422579632
3514403 3536406        0.413692764
3514403 3549300        0.344940467
3514403 3516002        0.413734538
3514403 3541505         0.34713327
3514403 3531605        0.302119588
3514403 3534906         0.31581096
3514403 3538303        0.330683553
3514403 3548302        0.342964465
3514403 3547106        0.284611299
3514403 3521606        0.248399816
3514403 3535408        0.289498815
3514403 3533106        0.242258097
3514403 3515806        0.253165486
3514403 3555109        0.166345682
3514403 3543238        0.227558743
3514403 3526001        0.183913671
3514403 3534807        0.160614203
3514403 3515129         0.26867121
3515301 3547700        0.451131456
3515301 4116406        0.447464401
3515301 3541208        0.381463912
3515301 4120002        0.365002751
3515301 3542404        0.441542943
3515301 3530201        0.356044086
3515301 3552908        0.327353782
3515301 4103404        0.330165158
3515301 4110904        0.345022715
3515301 4112603        0.419646706
3515301 3502408        0.271102025
3515301 4113809        0.242400413
3515301 4123600        0.319692279
3515301 3532207         0.16680739
3515301 3545506        0.173234366
3515301 3553906        0.134779308
3515301 4124509        0.277116627
3515301 4105102         0.33764695
3515301 3539202       0.0496904988
3515301 3501301        0.386205256
3515350 4106704        0.633702367
3515350 3530201        0.614538316
3515350 4100608        0.616951501
3515350 5002001        0.602760119
3515350 4118105        0.552193628
3515350 4117107        0.453716012
3515350 5000807        0.462759928
3515350 4115002        0.521715204
3515350 4112603        0.512206379
3515350 4108908        0.431374125
3515350 4124202        0.294050203
3515350 4107108        0.325616206
3515350 4124905        0.410410125
3515350 3544251        0.250083725
3515350 4118303        0.506111239
3515350 4111308        0.374176871
3515350 4118402        0.409780606
3515350 4110300         0.41451288
3515350 3554300        0.237734569
3515350 4127304        0.230097416
3528700 4110300        0.614575716
3528700 5001904        0.605335856
3528700 3543238        0.584776421
3528700 4110904        0.536473702
3528700 4123600        0.595664242
3528700 3545506        0.410615169
3528700 3539202        0.560646271
3528700 4112603        0.446704146
3528700 3515301        0.527511573
3528700 3501301        0.541679048
3528700 3509106        0.333655382
3528700 3541505        0.399556976
3528700 3541208        0.436721915
3528700 3547700        0.345987991
3528700 3554300        0.429234754
3528700 3538303         0.42576849
3528700 3541307        0.247201674
3528700 3553906        0.488490149
3528700 3530201        0.229171426
3528700 4118303        0.534764471
3530201 3532207        0.522347473
3530201 4118105        0.519194407
3530201 3541307        0.472938034
3530201 4105904        0.487847631
3530201 4113809        0.504623524
3530201 3547700        0.415883549
3530201 4124509        0.420688234
3530201 3553906        0.372291572
3530201 3541208        0.448499784
3530201 4124202        0.500607294
3530201 4110904        0.309058009
3530201 3539202        0.399868389
3530201 4112603        0.238865146
3530201 3545506        0.202055461
3530201 3554300        0.382052604
3530201 3515301        0.356044086
3530201 3528700        0.229171426
3530201 4118303        0.328368921
3530201 4123600        0.366493386
3530201 4110300        0.433776696
3531605 3543238        0.529544731
3531605 3516002        0.491788296
3531605 3530102        0.473858846
3531605 3534906        0.382413552
3531605 3515806        0.485400482
3531605 3532108        0.373461532
3531605 3511003        0.357249909
3531605 3521606        0.321168833
3531605 3534807        0.304995535
3531605 3502101        0.483913268
3531605 3547106        0.176951278
3531605 3536406        0.226517727
3531605 3535408        0.354466753
3531605 3533106        0.100223814
3531605 3555109        0.136459055
3531605 3549300        0.106417783
3531605 3526001        0.237134319
3531605 3514403        0.302119588
3531605 3533205        0.136641023
3531605 3517802        0.337018326
3532207 4116406        0.446261486
3532207 3501301        0.432259514
3532207 4116000        0.411021581
3532207 4109203        0.423292708
3532207 3542404        0.385541311
3532207 4108007        0.350301885
3532207 4123600        0.406265066
3532207 3545506        0.331755427
3532207 4103404        0.313236372
3532207 4100806         0.36339914
3532207 3502408        0.222474136
3532207 4124509        0.329240093
3532207 4120002        0.210975905
3532207 3539202        0.129509701
3532207 3553906        0.230573847
3532207 4113809        0.217652273
3532207 3552908        0.188792533
3532207 3515301         0.16680739
3532207 4105102         0.24475835
3532207 3532157        0.322498289
3533106 3516002         0.52228227
3533106 3515129        0.509017196
3533106 3541505        0.508643267
3533106 3543238        0.466070824
3533106 3515806        0.463649747
3533106 3532108        0.473662572
3533106 3511003        0.431357862
3533106 3533205        0.233791947
3533106 3521606         0.33993563
3533106 3517802        0.435449255
3533106 3547106       0.0918544986
3533106 3526001        0.245513843
3533106 3535408        0.255091104
3533106 3531605        0.100223814
3533106 3555109        0.089561429
3533106 3549300        0.102691417
3533106 3534807        0.209521936
3533106 3514403        0.242258097
3533106 3536406        0.191011867
3533106 3534906        0.409650536
3534807 3547700        0.527467635
3534807 3548302          0.4837597
3534807 3515806        0.409314748
3534807 3509106        0.382890742
3534807 3534906        0.463868681
3534807 3521606        0.392242318
3534807 3526001        0.308978599
3534807 3543238        0.314465744
3534807 3538303        0.342313521
3534807 3533205        0.441391986
3534807 3547106        0.193636938
3534807 3541505        0.299937407
3534807 3535408        0.129119479
3534807 3533106        0.209521936
3534807 3531605        0.304995535
3534807 3555109        0.192607796
3534807 3549300        0.294187739
3534807 3536406        0.316516607
3534807 3514403        0.160614203
3534807 3515129        0.393722147
3535408 3547700        0.590127142
3535408 3534906         0.58474212
3535408 3541307        0.548195292
3535408 3538303        0.409394048
3535408 3515806        0.537904955
3535408 3531605        0.354466753
3535408 3533205        0.481761146
3535408 3509106        0.361767804
3535408 3541505        0.330295592
3535408 3515129        0.512781789
3535408 3543238        0.422521739
3535408 3514403        0.289498815
3535408 3547106        0.189990036
3535408 3555109        0.280507209
3535408 3526001         0.42325906
3535408 3533106        0.255091104
3535408 3549300        0.302926498
3535408 3536406        0.273388173
3535408 3534807        0.129119479
3535408 3521606        0.512007567
3536406 3515806        0.650790507
3536406 3509106        0.634136385
3536406 3541505         0.59657327
3536406 3543238        0.621564177
3536406 3534906        0.595920677
3536406 3532108        0.529178247
3536406 3511003        0.372890304
3536406 3533205        0.292385805
3536406 3521606         0.52823855
3536406 3502101        0.586606394
3536406 3547106        0.129993109
3536406 3526001        0.435060896
3536406 3535408        0.273388173
3536406 3533106        0.191011867
3536406 3531605        0.226517727
3536406 3555109        0.279831057
3536406 3549300        0.120325639
3536406 3534807        0.316516607
3536406 3514403        0.413692764
3536406 3517802        0.523370036
3538303 3508900         0.51687984
3538303 3555109        0.484290393
3538303 3553906        0.516261772
3538303 3528700         0.42576849
3538303 3541406        0.413064187
3538303 3535408        0.409394048
3538303 3526001        0.500951691
3538303 3548302        0.362414015
3538303 3514403        0.330683553
3538303 3515806        0.389155054
3538303 3534807        0.342313521
3538303 3541505        0.122306007
3538303 3541208        0.277839144
3538303 3515129        0.264511293
3538303 3541307        0.447127428
3538303 3501301        0.353108538
3538303 3543238         0.16330323
3538303 3509106        0.260161746
3538303 3547700        0.185210115
3538303 3500808        0.345848093
3541208 3532207        0.466980332
3541208 3530201        0.448499784
3541208 3545506        0.431889043
3541208 3515301        0.381463912
3541208 3528700        0.436721915
3541208 3541505        0.382467349
3541208 3548302        0.377250783
3541208 3515129        0.340261165
3541208 3502408        0.319340989
3541208 3508900        0.426595964
3541208 3539202        0.371911034
3541208 3501301        0.108170734
3541208 3553906        0.250761006
3541208 3520608        0.358731531
3541208 3500808        0.283145674
3541208 3543238        0.325122954
3541208 3538303        0.277839144
3541208 3541406        0.299788104
3541208 3547700        0.123639114
3541208 3542404        0.357156355
3541307 3515350        0.735647397
3541307 3515129        0.711269798
3541307 3543238        0.604989053
3541307 3514403        0.688770136
3541307 3553906        0.708269967
3541307 3534807         0.59264644
3541307 3541208        0.588397632
3541307 5000807        0.664393301
3541307 3545506        0.657621232
3541307 3501301        0.695966939
3541307 3528700        0.247201674
3541307 3547700        0.469886054
3541307 3530201        0.472938034
3541307 5001904         0.40889126
3541307 3538303        0.447127428
3541307 3554300        0.543720556
3541307 3535408        0.548195292
3541307 3509106        0.217655828
3541307 3541505        0.356547624
3541307 4112603        0.670015352
3541505 3541406        0.534125763
3541505 3533106        0.508643267
3541505 3526001         0.53014743
3541505 3515806        0.473599976
3541505 3548302        0.469198601
3541505 3547106        0.486871994
3541505 3555109        0.474522076
3541505 3541208        0.382467349
3541505 3509106        0.148540579
3541505 3501301        0.468161726
3541505 3543238         0.25520987
3541505 3514403         0.34713327
3541505 3528700        0.399556976
3541505 3541307        0.356547624
3541505 3534807        0.299937407
3541505 3515129        0.366268647
3541505 3535408        0.330295592
3541505 3538303        0.122306007
3541505 3547700        0.270673986
3541505 3500808        0.464887979
3543238 3534906        0.422931029
3543238 3528908        0.411510031
3543238 3535408        0.422521739
3543238 3555109        0.393892796
3543238 3509106        0.403726464
3543238 3501301        0.353899896
3543238 3547700        0.289125391
3543238 3526001        0.366668739
3543238 3534807        0.314465744
3543238 3508900        0.395663003
3543238 3541406        0.318283718
3543238 3541505         0.25520987
3543238 3541208        0.325122954
3543238 3548302        0.216888461
3543238 3515806        0.225937536
3543238 3500808        0.240653229
3543238 3538303         0.16330323
3543238 3514403        0.227558743
3543238 3515129        0.112370735
3543238 3521606        0.382284885
3544251 4110300        0.653192733
3544251 4100905        0.639668263
3544251 4119707         0.61036664
3544251 4120200        0.588017033
3544251 5007976        0.621178731
3544251 4108908        0.444390678
3544251 4118402        0.541463622
3544251 5002001        0.354606792
3544251 3554300        0.468518422
3544251 4124905        0.614893561
3544251 5000807        0.378614082
3544251 4111308        0.247357045
3544251 3515350        0.250083725
3544251 4107108        0.156248737
3544251 4113502        0.516242567
3544251 4115002        0.333413396
3544251 4117107        0.320220894
3544251 4125902        0.453973087
3544251 4127304        0.286060635
3544251 4124202        0.524593131
3545506 3547700         0.45616683
3545506 4110300        0.452588315
3545506 4116406        0.438436185
3545506 4118303        0.318165712
3545506 3541208        0.431889043
3545506 3528700        0.410615169
3545506 4105102         0.43187851
3545506 4112603        0.255884417
3545506 4113809        0.306779954
3545506 3502408        0.430241858
3545506 4110904         0.21918522
3545506 3532207        0.331755427
3545506 3539202        0.222337888
3545506 3530201        0.202055461
3545506 4103404        0.359856347
3545506 3553906        0.247351202
3545506 3515301        0.173234366
3545506 4123600        0.233546797
3545506 4124509        0.249352204
3545506 4105904         0.38142163
3547106 3509106        0.545131569
3547106 3532108        0.540587637
3547106 3541505        0.486871994
3547106 3538303        0.535920472
3547106 3515806        0.526626287
3547106 3526001        0.329709386
3547106 3511003        0.451164081
3547106 3543238        0.492159252
3547106 3534906        0.496244865
3547106 3517802        0.512374674
3547106 3534807        0.193636938
3547106 3535408        0.189990036
3547106 3533106       0.0918544986
3547106 3531605        0.176951278
3547106 3555109         0.16703168
3547106 3549300        0.113212577
3547106 3533205         0.29448287
3547106 3514403        0.284611299
3547106 3536406        0.129993109
3547106 3521606        0.424996823
3547700 3542404        0.479322053
3547700 3541307        0.469886054
3547700 3545506         0.45616683
3547700 3530201        0.415883549
3547700 3520608        0.469794912
3547700 3541406         0.38199574
3547700 3515301        0.451131456
3547700 3548302        0.411578961
3547700 3509106        0.354329492
3547700 3539202        0.453317692
3547700 3528700        0.345987991
3547700 3541505        0.270673986
3547700 3541208        0.123639114
3547700 3553906        0.334607794
3547700 3515129        0.344529387
3547700 3500808        0.342614202
3547700 3543238        0.289125391
3547700 3538303        0.185210115
3547700 3501301        0.227826369
3547700 3502408        0.438276094
3549300 3541505        0.593063857
3549300 3543238        0.567958306
3549300 3530102        0.560889226
3549300 3532108        0.435288016
3549300 3515806        0.561144177
3549300 3502101        0.517977159
3549300 3511003        0.341668736
3549300 3533205        0.189572463
3549300 3514403        0.344940467
3549300 3534906        0.482817723
3549300 3547106        0.113212577
3549300 3521606        0.417862707
3549300 3535408        0.302926498
3549300 3533106        0.102691417
3549300 3531605        0.106417783
3549300 3555109        0.187724272
3549300 3534807        0.294187739
3549300 3526001        0.327821292
3549300 3536406        0.120325639
3549300 3517802        0.416756783
3553906 4103404        0.463053031
3553906 3541406        0.461508008
3553906 4123600        0.442953346
3553906 4105102        0.452106106
3553906 4110904        0.454824636
3553906 4113809        0.372011899
3553906 4124509        0.410063717
3553906 3501301        0.252147327
3553906 4120002        0.441106474
3553906 3520608        0.427127198
3553906 3545506        0.247351202
3553906 3541208        0.250761006
3553906 3530201        0.372291572
3553906 3552908        0.319293957
3553906 3539202         0.12135593
3553906 3532207        0.230573847
3553906 3502408        0.198040515
3553906 3547700        0.334607794
3553906 3515301        0.134779308
3553906 3542404        0.348073574
3554300 4106704         0.60930833
3554300 4105904        0.581110725
3554300 4123600        0.551225813
3554300 3541307        0.543720556
3554300 4107108        0.562904289
3554300 4118105        0.487977814
3554300 3528700        0.429234754
3554300 4118402        0.522808714
3554300 3545506        0.535416692
3554300 5000807        0.530569943
3554300 3530201        0.382052604
3554300 4124202        0.282971787
3554300 4124905        0.423833827
3554300 4110300        0.336649712
3554300 3515350        0.237734569
3554300 4112603        0.334005043
3554300 4110904        0.471319206
3554300 3544251        0.468518422
3554300 4118303        0.364835738
3554300 4127304        0.438720159
3555109 3548302        0.485630595
3555109 3538303        0.484290393
3555109 3541505        0.474522076
3555109 3543238        0.393892796
3555109 3516002        0.442584293
3555109 3515806        0.374473559
3555109 3533205        0.267948009
3555109 3549300        0.187724272
3555109 3536406        0.279831057
3555109 3517802        0.432555592
3555109 3547106         0.16703168
3555109 3534906        0.330183021
3555109 3535408        0.280507209
3555109 3533106        0.089561429
3555109 3531605        0.136459055
3555109 3526001        0.163007078
3555109 3521606        0.258331731
3555109 3514403        0.166345682
3555109 3534807        0.192607796
3555109 3515129        0.426391554
4200101 4219606        0.463712834
4200101 4117602        0.455369791
4200101 4204459        0.416866937
4200101 4213401        0.443818925
4200101 4210555        0.450179403
4200101 4115309        0.395843346
4200101 4109658        0.416230542
4200101 4209458         0.41631112
4200101 4219507        0.346091593
4200101 4215695        0.447023677
4200101 4105706        0.240340613
4200101 4202537        0.222965986
4200101 4212270        0.328433145
4200101 4207684        0.249164979
4200101 4205175        0.368113307
4200101 4205308        0.284526173
4200101 4219101         0.25275143
4200101 4216107        0.299350959
4200101 4211850        0.151021785
4200101 4205605        0.418173337
4200507 4204202        0.314410128
4200507 4203105        0.307931685
4200507 4314704        0.306006225
4200507 4212106        0.226244584
4200507 4210902        0.294950932
4200507 4204756        0.164773224
4200507 4315552        0.212878663
4200507 4212908        0.225973724
4200507 4217303        0.177839955
4200507 4204707        0.292843227
4200507 4200556        0.227683545
4200507 4204103       0.0993053316
4200507 4206652        0.184038466
4200507 4213153       0.0876327527
4200507 4211454        0.154586535
4200507 4300505         0.19431222
4200507 4216008       0.0784454428
4200507 4211405        0.154637459
4200507 4218855        0.285636404
4200507 4204400        0.287788163
4200556 4206652        0.273665714
4200556 4215695         0.26997905
4200556 4216008        0.252474904
4200556 4200507        0.227683545
4200556 4204350        0.244886983
4200556 4205431        0.225717255
4200556 4217550        0.234173851
4200556 4210902        0.213122271
4200556 4207858        0.227366551
4200556 4210555        0.225929618
4200556 4212908        0.125972078
4200556 4204400        0.131206729
4200556 4213153        0.201083643
4200556 4211405       0.0779308373
4200556 4211454        0.111254054
4200556 4217758        0.182653153
4200556 4208955        0.135578241
4200556 4217303        0.192627509
4200556 4218855       0.0650005187
4200556 4214201        0.181525814
4200754 4305116        0.362804807
4200754 4313607        0.334071238
4200754 4203907        0.294937017
4200754 4321634        0.264119445
4200754 4301552        0.324513345
4200754 4211801        0.280062152
4200754 4304853        0.282941362
4200754 4322905        0.165479737
4200754 4308706        0.259698261
4200754 4208609        0.319069475
4200754 4213906        0.237214518
4200754 4213104        0.158008508
4200754 4312005        0.255218259
4200754 4212601       0.0869506054
4200754 4207601        0.136436504
4200754 4311908       0.0622781605
4200754 4320602         0.18568516
4200754 4204301        0.199679561
4200754 4312203        0.213245981
4200754 4311700        0.301367577
4200804 4217550        0.346646451
4200804 4215356        0.315135275
4200804 4207759        0.311898451
4200804 4205001        0.285203442
4200804 4107850        0.297952313
4200804 4205357        0.230567739
4200804 4217204        0.264791974
4200804 4206603        0.202220535
4200804 4210506        0.263810348
4200804 4214151        0.296392357
4200804 4217956        0.226728744
4200804 4203501        0.218354126
4200804 4215208        0.116635717
4200804 4206405        0.243088996
4200804 4202099        0.163729396
4200804 4217154        0.181606837
4200804 4215687        0.173019609
4200804 4212007         0.15999987
4200804 4216701        0.207785988
4200804 4202578        0.281007467
4201273 4213401        0.376682287
4201273 4219101        0.367329247
4201273 4212601        0.371511003
4201273 4301925        0.345962255
4201273 4310702        0.366260927
4201273 4219606        0.185215646
4201273 4321634        0.351692064
4201273 4205308        0.300962074
4201273 4211876        0.315082515
4201273 4219507        0.352628671
4201273 4201653        0.270194803
4201273 4207700        0.104644028
4201273 4217501        0.159175225
4201273 4300901        0.274809973
4201273 4312005        0.202022087
4201273 4207809        0.287611908
4201273 4320602        0.283313899
4201273 4204301        0.199778159
4201273 4208005        0.182787678
4201273 4209854        0.169345032
4201653 4300901         0.34599286
4201653 4206652        0.344325805
4201653 4202537        0.335031132
4201653 4307203        0.312840244
4201653 4204400        0.339644394
4201653 4219705        0.133256524
4201653 4205308         0.29919007
4201653 4204202         0.21498833
4201653 4201273        0.270194803
4201653 4301925        0.334044303
4201653 4310702        0.287411194
4201653 4219606        0.129560627
4201653 4217501        0.127550737
4201653 4207700        0.291003336
4201653 4209458        0.242561394
4201653 4219507        0.201256616
4201653 4208005        0.205191242
4201653 4204350        0.220811235
4201653 4211876        0.149363154
4201653 4210555        0.319680132
4202081 4206603        0.405388147
4202081 4200804        0.394340792
4202081 4214151        0.337791913
4202081 4211009        0.386978483
4202081 4215075        0.368397174
4202081 4216255        0.327677305
4202081 4207650        0.280650345
4202081 4208401        0.349284835
4202081 4216701         0.30977843
4202081 4215208        0.352326747
4202081 4217204        0.142360886
4202081 4204905         0.19121221
4202081 4212239         0.11033962
4202081 4202099        0.245288733
4202081 4205357        0.311063571
4202081 4206405        0.203890391
4202081 4202156       0.0930744211
4202081 4218756        0.218846795
4202081 4215554        0.155201223
4202081 4207759        0.332466801
4202099 4215075        0.319715506
4202099 4204707        0.314668293
4202099 4212007        0.314226454
4202099 4206603        0.275962342
4202099 4214151        0.300219454
4202099 4212239        0.253466955
4202099 4202156        0.270247164
4202099 4217154        0.186216902
4202099 4202081        0.245288733
4202099 4217956        0.268025868
4202099 4217204        0.105618251
4202099 4210506        0.244183661
4202099 4204905        0.198160427
4202099 4200804        0.163729396
4202099 4205357         0.12927246
4202099 4206405          0.1704962
4202099 4215208         0.10926429
4202099 4216701        0.216429972
4202099 4207759        0.202945797
4202099 4215687        0.265528948
4202156 4323101         0.38960311
4202156 4216701        0.385153345
4202156 4207759        0.293708203
4202156 4314498         0.36556155
4202156 4301859        0.378066801
4202156 4216255        0.236226897
4202156 4206405        0.280610627
4202156 4211009        0.296774553
4202156 4205357        0.295919818
4202156 4215208        0.365988184
4202156 4217204         0.16736703
4202156 4212239        0.203329355
4202156 4204905        0.138628245
4202156 4207650         0.19252766
4202156 4202099        0.270247164
4202156 4218756        0.134541815
4202156 4215554       0.0645576294
4202156 4208401        0.272061191
4202156 4202081       0.0930744211
4202156 4215075        0.298752019
4202537 4205605        0.395099593
4202537 4207700        0.383076152
4202537 4201653        0.335031132
4202537 4215695        0.325727242
4202537 4204400        0.364000166
4202537 4214201        0.328285228
4202537 4219705        0.268702775
4202537 4219606         0.28944276
4202537 4219101        0.269272551
4202537 4204459         0.34807412
4202537 4200101        0.222965986
4202537 4210555        0.250233828
4202537 4207684        0.105037054
4202537 4209458        0.198157065
4202537 4205308        0.181203314
4202537 4205175        0.187792918
4202537 4216107        0.258894651
4202537 4219507        0.133789485
4202537 4211850        0.115279605
4202537 4204350        0.344148047
4202578 4200804        0.281007467
4202578 4207759        0.280144845
4202578 4203501        0.235675408
4202578 4217303        0.220885971
4202578 4218855        0.260311435
4202578 4208955        0.226156443
4202578 4215752        0.223230983
4202578 4212908        0.188022909
4202578 4217758        0.148843669
4202578 4205357        0.254766923
4202578 4210506        0.128448747
4202578 4215687        0.117745639
4202578 4204707        0.217225794
4202578 4207858        0.212444501
4202578 4217550       0.0705771938
4202578 4215356        0.117888302
4202578 4217154        0.144423157
4202578 4210902        0.101599501
4202578 4217956       0.0619163998
4202578 4215208        0.224653759
4203105 4216255        0.335487372
4203105 4308508        0.330536212
4203105 4204905        0.272545729
4203105 4303400        0.301231838
4203105 4210902        0.326925064
4203105 4323101        0.192643569
4203105 4210506        0.272252544
4203105 4205357        0.271501583
4203105 4217303        0.256873951
4203105 4200507        0.307931685
4203105 4204707          0.1628239
4203105 4215075       0.0940367712
4203105 4207759        0.190091819
4203105 4207650        0.227729905
4203105 4211009        0.197774589
4203105 4204756        0.169670406
4203105 4310504        0.225902147
4203105 4216008        0.231891488
4203105 4212106        0.107530884
4203105 4300505        0.277705867
4203501 4206603        0.357218952
4203501 4211652        0.336737064
4203501 4210902        0.334175386
4203501 4210506        0.317023206
4203501 4207858        0.298268251
4203501 4200804        0.218354126
4203501 4217758        0.305956486
4203501 4216909        0.270651211
4203501 4217550        0.264937421
4203501 4215208         0.27230603
4203501 4217154        0.262325316
4203501 4215752        0.147463786
4203501 4217956        0.227211022
4203501 4121604        0.287731493
4203501 4107850        0.263582373
4203501 4212007        0.199583542
4203501 4215687         0.14763009
4203501 4215356        0.176700611
4203501 4202578        0.235675408
4203501 4115408        0.207142202
4203907 4204004        0.372340059
4203907 4318606        0.367242988
4203907 4206702        0.308812741
4203907 4313607        0.344170076
4203907 4301800        0.365904189
4203907 4213906        0.233257984
4203907 4312203        0.266136518
4203907 4209003        0.262739748
4203907 4311908        0.326475925
4203907 4210035        0.344988059
4203907 4219853        0.115416215
4203907 4213104        0.150168195
4203907 4211801        0.137912615
4203907 4205209        0.244832561
4203907 4212601        0.251345072
4203907 4207601        0.172893564
4203907 4209201        0.166187476
4203907 4200754        0.294937017
4203907 4311700        0.180191625
4203907 4208609        0.305361296
4204004 4203907        0.372340059
4204004 4204301        0.365871985
4204004 4212601        0.353523671
4204004 4209854        0.355604473
4204004 4205209         0.36420977
4204004 4215406        0.307747357
4204004 4218509        0.260139329
4204004 4210035        0.195717378
4204004 4207601        0.341197589
4204004 4206801        0.330044491
4204004 4200408        0.293429751
4204004 4209003        0.148594025
4204004 4213401        0.295616616
4204004 4207809        0.222057418
4204004 4211801        0.238753925
4204004 4219176        0.116200202
4204004 4208609        0.122316143
4204004 4209201         0.23123264
4204004 4213906        0.205948014
4204004 4206702        0.323066667
4204103 4308052        0.334339487
4204103 4204400        0.327652308
4204103 4309126        0.298998907
4204103 4212908        0.322409021
4204103 4204350        0.327003382
4204103 4314704        0.245986466
4204103 4206652        0.139901602
4204103 4204756        0.249561097
4204103 4217303        0.276761752
4204103 4200556        0.302479999
4204103 4212106        0.265307727
4204103 4200507       0.0993053316
4204103 4315552        0.113577054
4204103 4213153        0.107360095
4204103 4211454        0.204696792
4204103 4312708        0.231465883
4204103 4211405        0.239023227
4204103 4216008        0.161030366
4204103 4300505        0.159340529
4204103 4204202        0.270692973
4204202 4208005         0.33978061
4204202 4211405        0.335788984
4204202 4210555        0.313204849
4204202 4312708        0.320333774
4204202 4200507        0.314410128
4204202 4310702        0.288644813
4204202 4211876        0.184796767
4204202 4308052        0.251662001
4204202 4209458        0.287464635
4204202 4217501        0.310871205
4204202 4213153        0.230543007
4204202 4211454        0.245382656
4204202 4315552        0.262481277
4204202 4206652        0.133451425
4204202 4204350        0.149547436
4204202 4219705         0.19652022
4204202 4204400        0.253053402
4204202 4204103        0.270692973
4204202 4307203        0.236847978
4204202 4201653         0.21498833
4204301 4204004        0.365871985
4204301 4217501        0.345342822
4204301 4211801        0.328469795
4204301 4322905        0.333460558
4204301 4208609        0.254116631
4204301 4213104        0.322912142
4204301 4321634        0.306810996
4204301 4300901        0.330431729
4204301 4208005        0.324867272
4204301 4207809        0.231827458
4204301 4200754        0.199679561
4204301 4213906        0.226259506
4204301 4207700        0.246522002
4204301 4312005        0.191547318
4204301 4212601        0.173360437
4204301 4207601        0.246574132
4204301 4311908        0.246015849
4204301 4320602          0.2047887
4204301 4201273        0.199778159
4204301 4209854        0.212577769
4204350 4207684        0.339774082
4204350 4204103        0.327003382
4204350 4200507        0.324953651
4204350 4218855        0.286043687
4204350 4219606        0.322066006
4204350 4205175        0.244323945
4204350 4211405         0.27371607
4204350 4201653        0.220811235
4204350 4211454        0.192329245
4204350 4211876        0.282765808
4204350 4200556        0.244886983
4204350 4209458        0.150272064
4204350 4206652        0.200130037
4204350 4214201        0.258330273
4204350 4213153        0.240205509
4204350 4204202        0.149547436
4204350 4219705        0.112236587
4204350 4204400        0.124799008
4204350 4210555        0.163660532
4204350 4219507        0.253671168
4204400 4207858         0.30423394
4204400 4200507        0.287788163
4204400 4217758         0.29051159
4204400 4204202        0.253053402
4204400 4212908        0.257055755
4204400 4205431        0.258630618
4204400 4219705        0.214353328
4204400 4206652        0.240493884
4204400 4208955         0.22104293
4204400 4215695        0.253963688
4204400 4200556        0.131206729
4204400 4209458        0.175432815
4204400 4205175        0.205402255
4204400 4210555         0.11858334
4204400 4211405        0.183038321
4204400 4218855        0.162654211
4204400 4211454        0.133214563
4204400 4204350        0.124799008
4204400 4214201        0.154187655
4204400 4213153        0.221879553
4204459 4202537         0.34807412
4204459 4215752        0.319011626
4204459 4209458        0.341729949
4204459 4128708        0.287594343
4204459 4217758        0.318448485
4204459 4208955        0.270875913
4204459 4210555        0.280844379
4204459 4214201        0.200156787
4204459 4216909        0.200173633
4204459 4218855        0.312560604
4204459 4205175        0.225184029
4204459 4209177        0.148864896
4204459 4207858        0.237277078
4204459 4115309         0.21850604
4204459 4215695       0.0995618261
4204459 4205605       0.0862606547
4204459 4211652        0.130677506
4204459 4216107        0.117575983
4204459 4205431        0.157324444
4204459 4207684        0.243044288
4204707 4200507        0.292843227
4204707 4204905        0.289221093
4204707 4211405        0.285660108
4204707 4215687        0.286777782
4204707 4215208        0.262605897
4204707 4212908        0.219705324
4204707 4217550        0.247987068
4204707 4210902        0.173404517
4204707 4202578        0.217225794
4204707 4216008        0.220168289
4204707 4217154        0.195921478
4204707 4217956        0.205358031
4204707 4207759        0.137959069
4204707 4210506        0.118826674
4204707 4217303        0.152037451
4204707 4204756        0.131682284
4204707 4215075         0.18294575
4204707 4212106        0.214029224
4204707 4203105          0.1628239
4204707 4205357        0.186384922
4204756 4217956        0.303902274
4204756 4200556        0.276926334
4204756 4202578        0.291359698
4204756 4300505        0.245203696
4204756 4211454        0.268007951
4204756 4211405        0.205337295
4204756 4217550        0.290976581
4204756 4213153        0.244451073
4204756 4215075        0.243772037
4204756 4207759        0.258772472
4204756 4210506        0.235908001
4204756 4200507        0.164773224
4204756 4212908        0.191240955
4204756 4216008       0.0890464792
4204756 4212106        0.141518702
4204756 4217303       0.0985816456
4204756 4210902        0.205585733
4204756 4203105        0.169670406
4204756 4204707        0.131682284
4204756 4204103        0.249561097
4204905 4323101        0.325895448
4204905 4210506        0.297647256
4204905 4206405        0.292886968
4204905 4203105        0.272545729
4204905 4217154        0.293692521
4204905 4215208        0.265416925
4204905 4216255        0.258893452
4204905 4211009        0.242767486
4204905 4218756        0.213520019
4204905 4204707        0.289221093
4204905 4217204        0.135290756
4204905 4215075         0.17976826
4204905 4207650        0.142267477
4204905 4202099        0.198160427
4204905 4205357        0.171059401
4204905 4202156        0.138628245
4204905 4202081         0.19121221
4204905 4207759        0.155456993
4204905 4215554        0.153771688
4204905 4212239         0.27901423
4205001 4203501        0.420467147
4205001 4101002        0.416112038
4205001 4120358        0.409411716
4205001 4119251        0.318542509
4205001 4217204        0.397750005
4205001 4215208        0.384637819
4205001 4212239        0.362847469
4205001 4200804        0.285203442
4205001 4124400        0.281656987
4205001 4114351        0.300246085
4205001 4103156         0.16856263
4205001 4206405        0.253062565
4205001 4212007        0.222922103
4205001 4214151        0.129552275
4205001 4202099        0.354948519
4205001 4122800        0.222112188
4205001 4206603       0.0844015255
4205001 4216701         0.15103223
4205001 4102604       0.0839231863
4205001 4107850        0.262884772
4205175 4207858        0.331168857
4205175 4211652         0.32786412
4205175 4211850        0.300843457
4205175 4205605         0.30099559
4205175 4200556        0.296258416
4205175 4202537        0.187792918
4205175 4219705        0.235704015
4205175 4204350        0.244323945
4205175 4205431        0.239924644
4205175 4208955        0.293927496
4205175 4204459        0.225184029
4205175 4209458        0.118136033
4205175 4214201        0.140701354
4205175 4219507        0.214712061
4205175 4207684        0.119046904
4205175 4216107        0.201760364
4205175 4204400        0.205402255
4205175 4215695          0.1613135
4205175 4210555       0.0893039696
4205175 4218855        0.281851437
4205308 4208005         0.40707425
4205308 4210555        0.387468311
4205308 4212270        0.316810469
4205308 4213401         0.31632248
4205308 4207809         0.37203183
4205308 4219705        0.310652456
4205308 4217501        0.315931926
4205308 4201273        0.300962074
4205308 4207700        0.214069468
4205308 4205175        0.350960749
4205308 4200101        0.284526173
4205308 4202537        0.181203314
4205308 4209458         0.30803788
4205308 4207684        0.286237782
4205308 4201653         0.29919007
4205308 4219606        0.191363933
4205308 4219101        0.138307862
4205308 4219507        0.167471188
4205308 4211850        0.139430834
4205308 4209854        0.266546334
4205357 4204756        0.317174498
4205357 4202081        0.311063571
4205357 4206405        0.296736695
4205357 4202156        0.295919818
4205357 4210902        0.285901757
4205357 4204905        0.171059401
4205357 4207650        0.281861033
4205357 4200804        0.230567739
4205357 4204707        0.186384922
4205357 4202578        0.254766923
4205357 4217204        0.178552517
4205357 4207759       0.0822711901
4205357 4215208          0.1166231
4205357 4203105        0.271501583
4205357 4202099         0.12927246
4205357 4217956        0.200443994
4205357 4215075        0.214441974
4205357 4217154        0.122765615
4205357 4210506         0.13881948
4205357 4215687        0.238919118
4205431 4212908         0.26749571
4205431 4204400        0.258630618
4205431 4210555         0.24218299
4205431 4215752        0.242435016
4205431 4216107         0.25756392
4205431 4217550          0.2390191
4205431 4200556        0.225717255
4205431 4217758        0.164758858
4205431 4205175        0.239924644
4205431 4209177        0.250708714
4205431 4207858       0.0964646913
4205431 4216909        0.180592415
4205431 4208955         0.11419705
4205431 4218855        0.165285988
4205431 4211652        0.139539809
4205431 4204459        0.157324444
4205431 4215695       0.0963194659
4205431 4215356        0.232683868
4205431 4214201         0.12132948
4205431 4205605        0.228817301
4205605 4217758         0.37887763
4205605 4121604        0.368439319
4205605 4207858        0.292214629
4205605 4210555        0.364075246
4205605 4208955        0.342507627
4205605 4205431        0.228817301
4205605 4214201        0.286214044
4205605 4105706        0.318466613
4205605 4128708        0.224860256
4205605 4215752        0.331094868
4205605 4205175         0.30099559
4205605 4209177       0.0833272186
4205605 4215695        0.185556634
4205605 4216909        0.201906386
4205605 4211652        0.144776798
4205605 4204459       0.0862606547
4205605 4118501        0.280460245
4205605 4115309        0.137512757
4205605 4216107        0.137578085
4205605 4207684         0.29304627
4206405 4210506        0.413481931
