0 5572 gas_prices_hist CodIBGE
3509106 3500808        0.396955615
3509106 3533106        0.397069791
3509106 3555109        0.397163866
3509106 5001904        0.397095012
3509106 3515129        0.397508778
3509106 3547106        0.397333253
3509106 3543238        0.398058934
3509106 3541208        0.397708828
3509106 3501301        0.397148054
3509106 3541307        0.398685336
3509106 3528700        0.398338741
3509106 3535408        0.398232847
3509106 3514403        0.397739756
3509106 3541505        0.398822589
3509106 3538303        0.398575231
3509106 3534807        0.398147669
3509106 3547700        0.398261696
3509106 3530201        0.397316866
3511003 3535408        0.396762605
3511003 3521606        0.396809788
3511003 3530102         0.39771251
3511003 3526506        0.397030919
3511003 3537404          0.3975156
3511003 3532108        0.398497152
3511003 3533106         0.39793404
3511003 3555109         0.39762539
3511003 3526001        0.397198039
3511003 3547106        0.397839457
3511003 3502101        0.398607658
3511003 3533205        0.398612949
3511003 3517802        0.398290611
3511003 3531605        0.398250441
3511003 3536406        0.398188596
3511003 3549300        0.398309426
3511003 3523008        0.398354885
3511003 3520442        0.397241142
3514403 3516002        0.398014647
3514403 3536406        0.398014834
3514403 3541505        0.398289037
3514403 3549300        0.398297258
3514403 3547106        0.398503039
3514403 3534906        0.398401529
3514403 3538303        0.398349436
3514403 3521606        0.398607655
3514403 3548302        0.398304621
3514403 3534807        0.398802344
3514403 3515806        0.398594698
3514403 3526001         0.39875881
3514403 3535408        0.398487832
3514403 3533106        0.398623992
3514403 3531605         0.39844737
3514403 3555109        0.398792181
3514403 3543238        0.398661432
3514403 3515129        0.398550839
3515301 3542404        0.397885929
3515301 4112603        0.397987979
3515301 3541208        0.398153574
3515301 3501301        0.398133866
3515301 3545506        0.398779494
3515301 4120002        0.398220114
3515301 3552908        0.398361307
3515301 4105102        0.398324225
3515301 4110904         0.39829695
3515301 3553906        0.398843736
3515301 3539202        0.398928884
3515301 3530201        0.398255099
3515301 4103404        0.398351292
3515301 3532207        0.398791347
3515301 3502408        0.398543727
3515301 4124509        0.398525856
3515301 4113809        0.398623618
3515301 4123600        0.398388165
3515350 3530201        0.396898561
3515350 5002001        0.396975958
3515350 4118303        0.397554969
3515350 4118105        0.397291381
3515350 4115002        0.397468267
3515350 5000807        0.397782122
3515350 4124202        0.398473439
3515350 4108908        0.397933964
3515350 4112603        0.397521413
3515350 4111308        0.398183391
3515350 4117107        0.397826963
3515350 4110300        0.398011158
3515350 3544251        0.398603105
3515350 3554300        0.398635762
3515350 4118402        0.398032273
3515350 4124905        0.398029478
3515350 4107108        0.398367454
3515350 4127304        0.398655133
3528700 4123600        0.397021871
3528700 3543238        0.397091272
3528700 3515301        0.397435394
3528700 3539202        0.397240561
3528700 3553906        0.397649737
3528700 3547700        0.398293337
3528700 4112603        0.397861123
3528700 4110904        0.397383858
3528700 3501301        0.397353529
3528700 3509106        0.398338741
3528700 3538303        0.397959967
3528700 3541307        0.398610874
3528700 3554300        0.397943928
3528700 3541208        0.397908841
3528700 3541505        0.398077065
3528700 3545506        0.398028566
3528700 3530201        0.398657438
3528700 4118303        0.397393753
3530201 4113809        0.397563099
3530201 4124202        0.397584928
3530201 3541307        0.397730605
3530201 4105904        0.397653129
3530201 3554300         0.39815114
3530201 4124509        0.397983241
3530201 3539202        0.398075717
3530201 3553906        0.398191012
3530201 3541208        0.397852426
3530201 3528700        0.398657438
3530201 4110904        0.398424392
3530201 4112603        0.398632841
3530201 3547700        0.398004997
3530201 3515301        0.398255099
3530201 4123600        0.398214209
3530201 4118303        0.398357701
3530201 3545506        0.398720839
3530201 4110300        0.397922715
3531605 3515806        0.397666009
3531605 3502101        0.397673806
3531605 3534906        0.398149646
3531605 3530102         0.39772589
3531605 3511003        0.398250441
3531605 3535408        0.398261169
3531605 3532108        0.398186287
3531605 3536406        0.398663995
3531605 3517802        0.398326523
3531605 3534807        0.398437909
3531605 3547106        0.398772435
3531605 3514403         0.39844737
3531605 3521606        0.398383038
3531605 3533106        0.398887786
3531605 3555109        0.398841265
3531605 3549300        0.398880843
3531605 3533205        0.398840995
3531605 3526001        0.398637308
3532207 4109203        0.397971344
3532207 4123600        0.398047802
3532207 4116000        0.398026759
3532207 3542404         0.39813664
3532207 3545506         0.39834559
3532207 4108007        0.398277067
3532207 4113809        0.398685345
3532207 4124509        0.398354597
3532207 4100806         0.39822644
3532207 3552908        0.398748949
3532207 4105102         0.39861739
3532207 3502408        0.398673838
3532207 4103404        0.398410304
3532207 4120002        0.398700861
3532207 3553906        0.398653943
3532207 3515301        0.398791347
3532207 3539202        0.398851291
3532207 3532157        0.398378402
3533106 3541505        0.397541078
3533106 3532108        0.397726895
3533106 3534906         0.39803285
3533106 3543238        0.397765486
3533106 3511003         0.39793404
3533106 3535408        0.398589393
3533106 3521606        0.398315825
3533106 3533205        0.398645841
3533106 3515806        0.397777663
3533106 3534807        0.398704176
3533106 3547106        0.398896507
3533106 3514403        0.398623992
3533106 3526001        0.398615383
3533106 3531605        0.398887786
3533106 3555109        0.398898764
3533106 3549300         0.39888507
3533106 3536406        0.398744378
3533106 3517802        0.397914848
3534807 3534906        0.397776564
3534807 3533205         0.39788665
3534807 3521606        0.398108421
3534807 3515806        0.398034338
3534807 3536406        0.398399111
3534807 3509106        0.398147669
3534807 3538303        0.398307037
3534807 3543238        0.398406122
3534807 3515129        0.398102124
3534807 3547106        0.398738902
3534807 3541505        0.398454489
3534807 3535408        0.398851838
3534807 3533106        0.398704176
3534807 3531605        0.398437909
3534807 3555109        0.398741058
3534807 3549300        0.398473001
3534807 3514403        0.398802344
3534807 3526001        0.398424658
3535408 3541307        0.397315153
3535408 3515806        0.397375547
3535408 3521606        0.397522514
3535408 3515129        0.397518225
3535408 3543238        0.397974874
3535408 3538303        0.398033987
3535408 3509106        0.398232847
3535408 3549300        0.398444725
3535408 3533205        0.397685046
3535408 3536406         0.39853698
3535408 3514403        0.398487832
3535408 3531605        0.398261169
3535408 3555109        0.398515609
3535408 3541505        0.398350826
3535408 3547106        0.398746489
3535408 3533106        0.398589393
3535408 3534807        0.398851838
3535408 3526001        0.397971498
3536406 3543238        0.396851687
3536406 3534906        0.397020221
3536406 3541505         0.39701602
3536406 3532108        0.397425875
3536406 3511003        0.398188596
3536406 3514403        0.398014834
3536406 3502101        0.397079696
3536406 3526001        0.397916677
3536406 3521606        0.397431245
3536406 3534807        0.398399111
3536406 3547106         0.39885061
3536406 3533205        0.398478729
3536406 3535408         0.39853698
3536406 3533106        0.398744378
3536406 3531605        0.398663995
3536406 3555109        0.398517662
3536406 3549300        0.398863737
3536406 3517802        0.397458918
3538303 3526001        0.397583063
3538303 3555109        0.397671831
3538303 3541307        0.397859076
3538303 3541406        0.398017647
3538303 3528700        0.397959967
3538303 3535408        0.398033987
3538303 3515806        0.398121482
3538303 3515129        0.398562861
3538303 3501301        0.398266374
3538303 3534807        0.398307037
3538303 3548302        0.398230313
3538303 3541505         0.39886113
3538303 3541208        0.398523683
3538303 3509106        0.398575231
3538303 3514403        0.398349436
3538303 3547700        0.398756215
3538303 3543238         0.39879762
3538303 3500808        0.398293861
3541208 3528700        0.397908841
3541208 3508900         0.39795615
3541208 3545506        0.397931558
3541208 3539202        0.398192545
3541208 3548302        0.398170883
3541208 3541505        0.398149423
3541208 3515301        0.398153574
3541208 3543238        0.398369193
3541208 3520608        0.398244695
3541208 3553906        0.398601266
3541208 3500808        0.398507549
3541208 3515129        0.398314625
3541208 3501301        0.398878802
3541208 3541406        0.398454975
3541208 3538303        0.398523683
3541208 3502408        0.398389381
3541208 3547700        0.398859352
3541208 3542404        0.398250803
3541307 3553906        0.396229872
3541307 3501301        0.396322978
3541307 5000807        0.396554548
3541307 3514403        0.396376695
3541307 3538303        0.397859076
3541307 3541208        0.397068331
3541307 3543238        0.396961425
3541307 3534807        0.397041234
3541307 4112603        0.396514091
3541307 3528700        0.398610874
3541307 5001904        0.398036214
3541307 3509106        0.398685336
3541307 3541505        0.398253156
3541307 3530201        0.397730605
3541307 3554300        0.397341555
3541307 3547700         0.39774617
3541307 3535408        0.397315153
3541307 3545506        0.396602833
3541505 3533106        0.397541078
3541505 3547106        0.397658272
3541505 3555109        0.397722487
3541505 3515806        0.397727216
3541505 3534807        0.398454489
3541505 3528700        0.398077065
3541505 3515129        0.398215101
3541505 3548302        0.397749662
3541505 3501301        0.397754919
3541505 3547700        0.398544984
3541505 3543238        0.398589064
3541505 3514403        0.398289037
3541505 3538303         0.39886113
3541505 3541307        0.398253156
3541505 3535408        0.398350826
3541505 3541208        0.398149423
3541505 3509106        0.398822589
3541505 3500808        0.397771443
3543238 3528908        0.398024584
3543238 3509106        0.398058934
3543238 3526001        0.398213513
3543238 3508900        0.398093829
3543238 3534807        0.398406122
3543238 3541208        0.398369193
3543238 3500808        0.398628193
3543238 3501301        0.398263344
3543238 3555109        0.398101396
3543238 3515806        0.398665418
3543238 3547700        0.398489003
3543238 3541505        0.398589064
3543238 3541406        0.398393033
3543238 3548302        0.398687144
3543238 3514403        0.398661432
3543238 3515129        0.398873778
3543238 3538303         0.39879762
3543238 3521606        0.398150179
3544251 5007976        0.396854272
3544251 4124905        0.396896204
3544251 4119707        0.396926144
3544251 4120200        0.397070749
3544251 4113502        0.397498973
3544251 3554300        0.397753112
3544251 4115002        0.398339615
3544251 4108908        0.397872278
3544251 4118402         0.39735479
3544251 3515350        0.398603105
3544251 4125902          0.3978257
3544251 5000807        0.398165303
3544251 4107108        0.398809847
3544251 4127304        0.398498557
3544251 5002001        0.398260631
3544251 4117107        0.398386332
3544251 4111308        0.398610458
3544251 4124202         0.39745199
3545506 4116406        0.397900723
3545506 3541208        0.397931558
3545506 4105102        0.397931608
3545506 4118303         0.39839344
3545506 3502408        0.397939244
3545506 3528700        0.398028566
3545506 4105904        0.398153749
3545506 4124509        0.398605086
3545506 4112603        0.398587195
3545506 4103404        0.398240318
3545506 4113809        0.398431994
3545506 3532207         0.39834559
3545506 4110904        0.398681714
3545506 3515301        0.398779494
3545506 3539202        0.398674167
3545506 3530201        0.398720839
3545506 4123600        0.398646462
3545506 3553906        0.398610473
3547106 3538303        0.397387064
3547106 3515806        0.397440438
3547106 3541505        0.397658272
3547106 3517802        0.397520481
3547106 3511003        0.397839457
3547106 3521606        0.397963521
3547106 3533205        0.398472059
3547106 3526001        0.398352922
3547106 3534906        0.397608442
3547106 3534807        0.398738902
3547106 3536406         0.39885061
3547106 3535408        0.398746489
3547106 3533106        0.398896507
3547106 3531605        0.398772435
3547106 3555109        0.398790941
3547106 3549300        0.398872748
3547106 3514403        0.398503039
3547106 3543238        0.397630279
3547700 3520608        0.397746633
3547700 3545506        0.397814898
3547700 3515301        0.397839616
3547700 3539202        0.397828918
3547700 3530201        0.398004997
3547700 3541505        0.398544984
3547700 3548302        0.398024277
3547700 3553906        0.398335293
3547700 3502408        0.397901482
3547700 3515129        0.398298793
3547700 3509106        0.398261696
3547700 3501301        0.398660771
3547700 3541208        0.398859352
3547700 3528700        0.398293337
3547700 3500808        0.398305921
3547700 3538303        0.398756215
3547700 3543238        0.398489003
3547700 3541406        0.398151375
3549300 3515806        0.397237543
3549300 3530102        0.397239089
3549300 3532108        0.397915608
3549300 3502101        0.397489275
3549300 3511003        0.398309426
3549300 3521606        0.397996066
3549300 3533205        0.398747349
3549300 3526001        0.398359647
3549300 3534906        0.397679534
3549300 3534807        0.398473001
3549300 3547106        0.398872748
3549300 3536406        0.398863737
3549300 3535408        0.398444725
3549300 3533106         0.39888507
3549300 3531605        0.398880843
3549300 3555109         0.39875113
3549300 3514403        0.398297258
3549300 3517802        0.398001062
3553906 4110904        0.397821514
3553906 4123600        0.397879179
3553906 4105102        0.397834853
3553906 4120002        0.397888014
3553906 4124509        0.398031016
3553906 3501301        0.398597487
3553906 4113809        0.398192139
3553906 3530201        0.398191012
3553906 3520608        0.397953696
3553906 3502408         0.39872955
3553906 3515301        0.398843736
3553906 3541208        0.398601266
3553906 3547700        0.398335293
3553906 3552908        0.398389544
3553906 3545506        0.398610473
3553906 3532207        0.398653943
3553906 3539202        0.398862386
3553906 3542404        0.398285497
3554300 4107108        0.397226855
3554300 4123600        0.397297151
3554300 3545506        0.397389981
3554300 4118402        0.397462093
3554300 3541307        0.397341555
3554300 4118303        0.398220775
3554300 4118105        0.397652442
3554300 4110904        0.397738873
3554300 4127304        0.397899375
3554300 5000807        0.397417904
3554300 3528700        0.397943928
3554300 3515350        0.398635762
3554300 3544251        0.397753112
3554300 4112603        0.398337476
3554300 4110300        0.398327868
3554300 3530201         0.39815114
3554300 4124202        0.398508082
3554300 4124905        0.397968863
3555109 3541505        0.397722487
3555109 3516002        0.397880947
3555109 3515806        0.398182188
3555109 3517802         0.39792844
3555109 3533205        0.398552942
3555109 3534906        0.398351228
3555109 3521606        0.398580374
3555109 3549300         0.39875113
3555109 3515129        0.397957094
3555109 3534807        0.398741058
3555109 3547106        0.398790941
3555109 3536406        0.398517662
3555109 3535408        0.398515609
3555109 3533106        0.398898764
3555109 3531605        0.398841265
3555109 3526001        0.398798144
3555109 3514403        0.398792181
3555109 3543238        0.398101396
4200101 4210555        0.397844259
4200101 4213401        0.397875025
4200101 4215695        0.397859578
4200101 4205605         0.39799466
4200101 4219507        0.398292949
4200101 4109658        0.398003434
4200101 4115309        0.398093057
4200101 4205175        0.398207765
4200101 4204459        0.398000565
4200101 4211850        0.398818558
4200101 4202537         0.39867265
4200101 4212270        0.398357472
4200101 4207684        0.398605592
4200101 4105706        0.398629008
4200101 4205308        0.398503302
4200101 4216107        0.398456394
4200101 4219101        0.398595833
4200101 4209458        0.398003071
4200507 4314704        0.398434563
4200507 4204707        0.398477278
4200507 4210902        0.398470564
4200507 4204400        0.398493184
4200507 4217303        0.398770725
4200507 4211405        0.398812563
4200507 4212106        0.398664665
4200507 4212908        0.398665329
4200507 4218855        0.398499871
4200507 4216008        0.398908895
4200507 4204103         0.39888878
4200507 4211454        0.398812649
4200507 4213153        0.398900618
4200507 4315552        0.398696488
4200507 4204756        0.398795005
4200507 4206652        0.398758561
4200507 4300505        0.398737482
4200507 4200556        0.398661124
4200556 4216008        0.398596591
4200556 4204350        0.398617049
4200556 4205431        0.398665957
4200556 4200507        0.398661124
4200556 4217550        0.398644872
4200556 4210902        0.398695925
4200556 4217303        0.398741017
4200556 4217758        0.398761316
4200556 4210555        0.398665437
4200556 4218855        0.398919358
4200556 4207858        0.398661906
4200556 4213153        0.398722963
4200556 4208955        0.398842565
4200556 4211405        0.398909332
4200556 4211454        0.398875132
4200556 4204400        0.398848891
4200556 4212908        0.398856193
4200556 4214201        0.398763542
4200754 4301552        0.398371338
4200754 4208609         0.39839032
4200754 4211801        0.398516961
4200754 4311700        0.398449829
4200754 4203907        0.398470609
4200754 4213906        0.398637102
4200754 4312005        0.398589041
4200754 4322905        0.398793739
4200754 4304853        0.398508176
4200754 4308706        0.398576537
4200754 4312203        0.398695639
4200754 4213104        0.398806847
4200754 4204301        0.398726015
4200754 4212601        0.398901264
4200754 4207601        0.398841298
4200754 4311908        0.398921238
4200754 4320602        0.398755259
4200754 4321634        0.398563983
4200804 4207759        0.398414835
4200804 4107850        0.398460921
4200804 4214151        0.398465945
4200804 4202578        0.398514086
4200804 4217204        0.398562055
4200804 4206405        0.398621805
4200804 4205001         0.39850121
4200804 4216701        0.398708104
4200804 4210506        0.398564868
4200804 4206603        0.398720477
4200804 4215687        0.398779897
4200804 4205357        0.398653958
4200804 4217956        0.398663476
4200804 4217154        0.398763383
4200804 4202099        0.398796864
4200804 4212007        0.398803413
4200804 4215208         0.39886848
4200804 4203501        0.398683685
4201273 4219101        0.398210888
4201273 4310702        0.398215132
4201273 4211876        0.398404019
4201273 4301925        0.398293434
4201273 4219507        0.398268209
4201273 4320602        0.398507032
4201273 4205308        0.398451153
4201273 4219606        0.398756204
4201273 4207809        0.398493734
4201273 4321634        0.398271782
4201273 4217501         0.39880484
4201273 4201653        0.398546389
4201273 4204301        0.398725801
4201273 4312005        0.398720912
4201273 4208005        0.398761049
4201273 4207700        0.398882874
4201273 4300901        0.398532756
4201273 4209854         0.39878672
4201653 4204400        0.398316897
4201653 4301925        0.398337334
4201653 4202537        0.398333757
4201653 4307203        0.398411647
4201653 4201273        0.398546389
4201653 4210555        0.398388207
4201653 4205308        0.398456916
4201653 4208005        0.398713914
4201653 4310702        0.398494359
4201653 4204202        0.398691594
4201653 4211876         0.39882126
4201653 4219606        0.398851219
4201653 4217501        0.398854022
4201653 4207700        0.398483099
4201653 4204350        0.398677835
4201653 4219507        0.398722586
4201653 4219705         0.39884595
4201653 4209458        0.398623194
4202081 4211009        0.398130629
4202081 4215075        0.398206633
4202081 4214151        0.398323695
4202081 4215208        0.398269361
4202081 4208401        0.398280921
4202081 4216255        0.398360159
4202081 4207650        0.398515173
4202081 4216701        0.398421977
4202081 4207759         0.39834303
4202081 4206405          0.3987168
4202081 4217204        0.398832339
4202081 4202156        0.398895283
4202081 4204905        0.398743963
4202081 4218756        0.398682518
4202081 4202099        0.398615981
4202081 4212239        0.398876232
4202081 4215554        0.398811616
4202081 4205357        0.398417653
4202099 4212007        0.398406938
4202099 4214151        0.398453572
4202099 4210506        0.398618914
4202099 4202156        0.398546235
4202099 4206603        0.398529316
4202099 4204905        0.398729292
4202099 4207759        0.398718884
4202099 4212239         0.39859387
4202099 4217956        0.398552716
4202099 4200804        0.398796864
4202099 4217204        0.398881763
4202099 4205357        0.398851624
4202099 4217154        0.398754187
4202099 4206405        0.398784599
4202099 4202081        0.398615981
4202099 4216701        0.398688221
4202099 4215208        0.398877513
4202099 4215687        0.398559937
4202156 4301859        0.398167545
4202156 4215208        0.398216213
4202156 4314498        0.398217904
4202156 4215075        0.398458335
4202156 4216255        0.398639636
4202156 4208401        0.398540903
4202156 4202099        0.398546235
4202156 4207759        0.398474529
4202156 4211009        0.398464717
4202156 4202081        0.398895283
4202156 4217204        0.398790332
4202156 4215554        0.398919669
4202156 4204905        0.398838028
4202156 4207650        0.398741225
4202156 4218756        0.398844083
4202156 4212239        0.398718039
4202156 4206405        0.398515294
4202156 4205357        0.398467462
4202537 4204400        0.398224073
4202537 4204459        0.398285495
4202537 4204350        0.398300215
4202537 4214201        0.398357998
4202537 4219101        0.398549085
4202537 4210555        0.398602698
4202537 4201653        0.398333757
4202537 4219606        0.398488008
4202537 4219705        0.398550747
4202537 4200101         0.39867265
4202537 4211850        0.398870186
4202537 4205175         0.39875099
4202537 4207684        0.398882427
4202537 4215695        0.398367062
4202537 4205308        0.398764177
4202537 4219507        0.398845178
4202537 4209458        0.398729299
4202537 4216107        0.398578796
4202578 4218855        0.398574808
4202578 4205357        0.398590289
4202578 4203501        0.398641047
4202578 4208955        0.398664881
4202578 4210506        0.398852775
4202578 4215752        0.398672009
4202578 4204707         0.39868635
4202578 4217303        0.398677656
4202578 4215208        0.398668554
4202578 4215687        0.398867068
4202578 4212908        0.398750522
4202578 4217956        0.398921482
4202578 4217758          0.3988221
4202578 4217550        0.398915256
4202578 4215356        0.398866886
4202578 4207858        0.398697489
4202578 4210902         0.39888628
4202578 4217154        0.398829132
4203105 4210902        0.398362826
4203105 4200507        0.398428158
4203105 4303400        0.398450273
4203105 4300505        0.398524084
4203105 4207759        0.398746279
4203105 4204905        0.398539473
4203105 4216008        0.398650639
4203105 4211009         0.39873012
4203105 4210506        0.398540339
4203105 4212106        0.398879551
4203105 4204707        0.398798468
4203105 4205357        0.398542552
4203105 4204756        0.398786122
4203105 4207650        0.398661009
4203105 4310504        0.398665505
4203105 4323101        0.398740983
4203105 4215075        0.398894306
4203105 4217303        0.398584445
4203501 4210902         0.39833686
4203501 4217758        0.398434728
4203501 4210506        0.398397372
4203501 4207858          0.3984599
4203501 4202578        0.398641047
4203501 4212007        0.398726223
4203501 4215208        0.398540181
4203501 4217550        0.398561638
4203501 4121604        0.398493361
4203501 4200804        0.398683685
4203501 4215687        0.398824052
4203501 4215752        0.398824318
4203501 4217956        0.398662289
4203501 4216909        0.398545051
4203501 4107850         0.39856552
4203501 4217154        0.398569103
4203501 4215356        0.398772916
4203501 4115408        0.398709552
4203907 4301800        0.398216546
4203907 4210035         0.39829708
4203907 4206702        0.398425213
4203907 4313607        0.398300133
4203907 4200754        0.398470609
4203907 4213906        0.398647193
4203907 4312203        0.398558186
4203907 4311908        0.398364416
4203907 4208609        0.398436699
4203907 4219853        0.398870015
4203907 4213104        0.398819952
4203907 4211801        0.398839102
4203907 4205209        0.398617194
4203907 4212601        0.398599677
4203907 4207601        0.398780134
4203907 4311700        0.398766159
4203907 4209201        0.398792466
4203907 4209003        0.398567924
4204004 4205209        0.398223246
4204004 4206801        0.398351724
4204004 4209854        0.398256794
4204004 4206702        0.398376414
4204004 4200408        0.398475415
4204004 4215406        0.398428773
4204004 4212601        0.398264785
4204004 4209201        0.398652293
4204004 4211801        0.398633129
4204004 4219176         0.39886903
4204004 4207809        0.398674842
4204004 4210035         0.39873451
4204004 4213401        0.398468434
4204004 4207601        0.398311169
4204004 4218509        0.398575294
4204004 4208609        0.398861117
4204004 4209003        0.398822503
4204004 4213906        0.398712227
4204103 4204350        0.398362549
4204103 4212908        0.398378713
4204103 4309126        0.398457535
4204103 4200556         0.39844619
4204103 4211454        0.398715013
4204103 4204756        0.398604521
4204103 4217303        0.398526921
4204103 4314704        0.398614123
4204103 4204202        0.398544928
4204103 4300505        0.398804555
4204103 4211405        0.398632432
4204103 4200507         0.39888878
4204103 4213153         0.39887975
4204103 4315552        0.398872299
4204103 4216008        0.398801618
4204103 4312708        0.398651708
4204103 4206652        0.398836105
4204103 4212106        0.398560573
4204202 4312708         0.39838594
4204202 4200507        0.398406312
4204202 4310702        0.398490508
4204202 4210555        0.398410411
4204202 4204400        0.398595006
4204202 4308052        0.398598812
4204202 4209458        0.398494193
4204202 4315552        0.398568659
4204202 4217501        0.398418302
4204202 4219705        0.398732802
4204202 4211454        0.398615732
4204202 4213153         0.39865402
4204202 4204103        0.398544928
4204202 4204350        0.398820961
4204202 4307203        0.398638044
4204202 4211876        0.398757044
4204202 4206652        0.398845668
4204202 4201653        0.398691594
4204301 4322905        0.398339445
4204301 4300901        0.398350338
4204301 4211801        0.398357342
4204301 4208609        0.398592082
4204301 4208005        0.398370093
4204301 4213104        0.398376954
4204301 4312005        0.398743267
4204301 4207601        0.398612554
4204301 4207809          0.3986508
4204301 4321634        0.398431891
4204301 4200754        0.398726015
4204301 4213906        0.398664629
4204301 4207700        0.398612693
4204301 4212601        0.398779257
4204301 4320602        0.398714809
4204301 4311908        0.398614045
4204301 4201273        0.398725801
4204301 4209854        0.398697182
4204350 4200507        0.398369789
4204350 4219606        0.398379911
4204350 4211876        0.398508714
4204350 4218855        0.398498609
4204350 4210555        0.398796987
4204350 4213153         0.39862936
4204350 4211405        0.398536008
4204350 4214201        0.398580378
4204350 4219507        0.398593309
4204350 4219705        0.398873941
4204350 4209458        0.398819783
4204350 4204202        0.398820961
4204350 4211454        0.398741639
4204350 4206652        0.398725038
4204350 4200556        0.398617049
4204350 4205175        0.398618542
4204350 4204400        0.398857789
4204350 4201653        0.398677835
4204400 4200507        0.398493184
4204400 4212908        0.398583938
4204400 4205431        0.398579536
4204400 4204202        0.398595006
4204400 4218855        0.398798768
4204400 4215695        0.398592504
4204400 4206652        0.398628609
4204400 4219705        0.398693072
4204400 4213153        0.398675271
4204400 4204350        0.398857789
4204400 4210555        0.398865995
4204400 4214201        0.398813317
4204400 4209458        0.398775337
4204400 4200556        0.398848891
4204400 4211405        0.398760552
4204400 4205175        0.398713445
4204400 4211454        0.398846011
4204400 4208955         0.39867728
4204459 4215752         0.39839052
4204459 4217758        0.398392465
4204459 4207858        0.398636941
4204459 4218855        0.398412595
4204459 4208955        0.398544391
4204459 4216909        0.398724943
4204459 4205175        0.398667261
4204459 4210555        0.398514583
4204459 4128708        0.398493789
4204459 4211652        0.398849642
4204459 4214201         0.39872498
4204459 4216107        0.398867285
4204459 4115309        0.398683326
4204459 4209177        0.398822066
4204459 4215695        0.398888504
4204459 4205431        0.398808017
4204459 4205605        0.398901912
4204459 4207684        0.398621923
4204707 4215687         0.39849633
4204707 4215208        0.398568305
4204707 4211405        0.398499798
4204707 4217550        0.398608766
4204707 4202578         0.39868635
4204707 4212908        0.398680476
4204707 4216008        0.398679372
4204707 4203105        0.398798468
4204707 4217154        0.398734077
4204707 4205357        0.398753847
4204707 4215075        0.398760736
4204707 4217956        0.398713543
4204707 4212106        0.398693825
4204707 4210506        0.398865681
4204707 4217303        0.398816888
4204707 4204756        0.398848212
4204707 4207759        0.398839032
4204707 4210902        0.398779174
4204756 4217550        0.398483184
4204756 4211454        0.398552768
4204756 4200556        0.398526427
4204756 4207759        0.398579138
4204756 4210506        0.398640453
4204756 4300505        0.398616208
4204756 4213153        0.398618205
4204756 4200507        0.398795005
4204756 4204103        0.398604521
4204756 4210902        0.398713036
4204756 4211405        0.398713589
4204756 4212908        0.398743903
4204756 4203105        0.398786122
4204756 4216008        0.398899263
4204756 4204707        0.398848212
4204756 4217303        0.398889557
4204756 4212106        0.398833636
4204756 4215075        0.398620003
4204905 4217154        0.398474578
4204905 4206405        0.398477139
4204905 4202099        0.398729292
4204905 4204707        0.398488703
4204905 4216255        0.398578799
4204905 4202081        0.398743963
4204905 4207759        0.398811185
4204905 4215208        0.398560259
4204905 4212239        0.398520136
4204905 4215075        0.398766986
4204905 4217204        0.398842987
4204905 4205357        0.398783555
4204905 4207650        0.398832484
4204905 4215554        0.398814012
4204905 4211009        0.398622652
4204905 4202156        0.398838028
4204905 4218756        0.398695005
4204905 4203105        0.398539473
4205001 4120358        0.398033908
4205001 4217204        0.398084865
4205001 4215208        0.398140408
4205001 4212239         0.39822861
4205001 4103156        0.398788154
4205001 4124400        0.398512106
4205001 4202099        0.398259318
4205001 4119251         0.39839214
4205001 4114351        0.398453486
4205001 4206603        0.398903633
4205001 4214151        0.398851231
4205001 4206405         0.39859498
4205001 4122800        0.398674711
4205001 4200804         0.39850121
4205001 4212007        0.398672756
4205001 4102604         0.39890407
4205001 4216701         0.39881854
4205001 4107850         0.39856751
4205175 4205605        0.398451044
4205175 4211850         0.39845154
4205175 4204350        0.398618542
4205175 4200556        0.398466375
4205175 4214201        0.398834887
4205175 4205431        0.398630091
4205175 4216107        0.398721485
4205175 4219705        0.398640974
4205175 4208955         0.39847383
4205175 4207684        0.398865397
4205175 4210555        0.398899013
4205175 4204459        0.398667261
4205175 4219507        0.398692237
4205175 4202537         0.39875099
4205175 4204400        0.398713445
4205175 4209458        0.398866569
4205175 4215695        0.398801123
4205175 4218855        0.398511512
4205308 4207809        0.398192059
4205308 4205175        0.398274565
4205308 4212270        0.398398103
4205308 4219705        0.398419038
4205308 4213401        0.398399777
4205308 4201273        0.398451153
4205308 4217501        0.398401115
4205308 4219606        0.398743648
4205308 4209458        0.398427803
4205308 4200101        0.398503302
4205308 4211850        0.398836818
4205308 4202537        0.398764177
4205308 4207700        0.398693731
4205308 4207684        0.398498007
4205308 4201653        0.398456916
4205308 4219507        0.398790143
4205308 4219101         0.39883851
4205308 4209854        0.398557003
4205357 4206405        0.398464838
4205357 4202156        0.398467462
4205357 4207650        0.398511483
4205357 4210902        0.398499049
4205357 4203105        0.398542552
4205357 4204905        0.398783555
4205357 4200804        0.398653958
4205357 4215075        0.398692866
4205357 4202578        0.398590289
4205357 4207759        0.398905559
4205357 4217204        0.398769348
4205357 4215208        0.398868496
4205357 4217154        0.398860519
4205357 4217956        0.398724356
4205357 4202099        0.398851624
4205357 4204707        0.398753847
4205357 4210506        0.398837741
4205357 4215687        0.398632702
4205431 4216107        0.398582521
4205431 4209177        0.398601408
4205431 4205175        0.398630091
4205431 4215752        0.398623527
4205431 4215356        0.398648643
4205431 4216909        0.398765375
4205431 4200556        0.398665957
4205431 4217550        0.398632442
4205431 4210555        0.398624189
4205431 4217758         0.39879503
4205431 4207858        0.398891797
4205431 4204459        0.398808017
4205431 4208955        0.398871533
4205431 4218855        0.398794087
4205431 4211652        0.398836653
4205431 4215695        0.398891949
4205431 4214201        0.398862421
4205431 4205605        0.398658318
4205605 4210555        0.398223777
4205605 4208955        0.398306317
4205605 4205175        0.398451044
4205605 4215752        0.398347962
4205605 4207858        0.398479271
4205605 4118501        0.398515752
4205605 4205431        0.398658318
4205605 4214201        0.398498081
4205605 4105706        0.398392402
4205605 4211652        0.398828577
4205605 4216909        0.398721166
4205605 4204459        0.398901912
4205605 4216107        0.398839602
4205605 4115309        0.398839699
4205605 4215695        0.398755518
4205605 4209177        0.398904611
4205605 4128708        0.398668051
4205605 4207684        0.398476633
4206405 4207759        0.398234791
4206405 4217154        0.398283646
4206405 4205357        0.398464838
4206405 4215554        0.398298399
4206405 4205001         0.39859498
4206405 4204905        0.398477139
4206405 4202156        0.398515294
4206405 4202081          0.3987168
4206405 4102604         0.39832771
4206405 4206603         0.39872169
4206405 4217204        0.398806409
4206405 4214151        0.398815778
4206405 4215208        0.398568203
4206405 4200804        0.398621805
4206405 4202099        0.398784599
4206405 4212239        0.398843078
4206405 4216701        0.398881414
4206405 4212007        0.398354759
4206603 4215687        0.398205187
4206603 4203501         0.39825056
4206603 4124400        0.398224685
4206603 4114351        0.398341602
4206603 4217204        0.398351762
4206603 4122800        0.398559216
4206603 4202099        0.398529316
4206603 4215208        0.398453358
4206603 4212239        0.398358802
4206603 4214151         0.39884694
4206603 4206405         0.39872169
4206603 4102604         0.39880565
4206603 4200804        0.398720477
4206603 4212007        0.398783787
4206603 4103156        0.398614785
4206603 4216701         0.39889163
4206603 4205001        0.398903633
4206603 4107850        0.398592964
4206652 4217303        0.398324895
4206652 4211876        0.398418038
4206652 4300505         0.39846365
4206652 4307203        0.398420764
4206652 4200556        0.398536157
4206652 4216008        0.398568733
4206652 4211405        0.398624146
4206652 4315552        0.398791639
4206652 4219705        0.398475553
4206652 4312708        0.398566064
4206652 4204350        0.398725038
4206652 4200507        0.398758561
4206652 4204202        0.398845668
4206652 4204400        0.398628609
4206652 4211454        0.398798148
4206652 4204103        0.398836105
4206652 4213153        0.398880066
4206652 4308052        0.398516934
4207601 4313607        0.398272318
4207601 4204004        0.398311169
4207601 4311700        0.398604704
4207601 4320602         0.39840246
4207601 4219853        0.398505443
4207601 4211801        0.398826567
4207601 4209201        0.398628045
4207601 4322905        0.398517031
4207601 4209003        0.398452393
4207601 4203907        0.398780134
4207601 4200754        0.398841298
4207601 4213906        0.398837794
4207601 4213104        0.398894495
4207601 4312203         0.39864686
4207601 4212601        0.398908881
4207601 4204301        0.398612554
4207601 4311908        0.398754908
4207601 4208609        0.398652665
4207650 4212106        0.398375902
4207650 4204707        0.398377823
4207650 4202081        0.398515173
4207650 4205357        0.398511483
4207650 4217204        0.398534922
4207650 4203105        0.398661009
4207650 4207759        0.398662717
4207650 4215075        0.398825499
4207650 4208401        0.398607592
4207650 4215554        0.398816725
4207650 4314498        0.398562828
4207650 4218756        0.398803059
4207650 4204905        0.398832484
4207650 4323101        0.398727719
4207650 4211009        0.398879363
4207650 4216255        0.398840388
4207650 4202156        0.398741225
4207650 4303400         0.39860986
4207684 4105706        0.398261089
4207684 4204350         0.39831642
4207684 4204400        0.398379083
4207684 4205431        0.398383946
4207684 4200101        0.398605592
4207684 4219705        0.398466842
4207684 4204459        0.398621923
4207684 4205308        0.398498007
4207684 4205605        0.398476633
4207684 4205175        0.398865397
4207684 4211850        0.398725574
4207684 4210555        0.398716725
4207684 4202537        0.398882427
4207684 4215695        0.398663743
4207684 4214201        0.398609114
4207684 4219507        0.398715212
4207684 4216107        0.398803514
4207684 4209458        0.398742983
4207700 4219705        0.398147474
4207700 4300901        0.398167022
4207700 4211850        0.398270672
4207700 4320602         0.39816956
4207700 4219101        0.398565147
4207700 4213401         0.39849628
4207700 4217501        0.398689171
