0 458 gas_prices_hist CodIBGE
3514403 3506508         1.26789735
3514403 3500105        0.527624252
3514403 3555000         1.11976058
3514403 3541505         0.34713327
3514403 3541406        0.498520271
3514403 3502804         1.10241183
3541505 3535507         1.38275698
3541505 4118402         1.31335466
3541505 3555000         1.31282028
3541505 3541406        0.534125763
3541505 3514403         0.34713327
3541505 3500105        0.810923657
4204202 4108403         1.18030512
4204202 4204301        0.653095651
4204202 4314100         1.16098135
4204202 4307005        0.650205886
4204202 4219507        0.348841323
4204202 4118501        0.956040738
4204301 4314100         1.12197193
4204301 4204202        0.653095651
4204301 4203006         1.03771686
4204301 4307005        0.475572154
4204301 4219507        0.544542458
4204301 4219309        0.910617091
4219507 4219309         1.28987977
4219507 4307005        0.785837072
4219507 4108403         1.09658034
4219507 4204301        0.544542458
4219507 4204202        0.348841323
4219507 4118501        0.747580575
4300406 4317202         2.32381188
4300406 4318903         1.64411417
4300406 4317509         2.15775593
4300406 4322400        0.897250741
4300406 4316907         2.01062687
4300406 4318309         1.56839863
4301602 4316808         2.26250188
4301602 4314407         1.71063894
4301602 4315602         1.88840798
4301602 4318309        0.993474637
4301602 4316907         1.46435621
4301602 4303004         1.45724824
4303004 4314407         1.51879814
4303004 4301602         1.45724824
4303004 4318309         1.38086723
4303004 4311403         1.24072941
4303004 4316808        0.805330524
4303004 4316907         0.93850557
4306106 4318903         1.35868909
4306106 4317202         1.25580144
4306106 4314100          1.1918661
4306106 4310207        0.506916145
4306106 4317509        0.863222003
4306106 4316907          1.1131721
4307005 4203006         1.46635298
4307005 4219507        0.785837072
4307005 4219309         1.29793181
4307005 4204202        0.650205886
4307005 4204301        0.475572154
4307005 4314100        0.655219227
4310207 4316907         1.46592465
4310207 4317202        0.755345194
4310207 4314100         1.44352014
4310207 4306106        0.506916145
4310207 4317509         0.40850211
4310207 4318903         1.00064445
4311403 4304606        0.950978666
4311403 4318705        0.916841062
4311403 4309308        0.931109008
4311403 4316808        0.448271993
4311403 4302105        0.555546072
4311403 4307708        0.925209035
4314100 4311403         1.25657879
4314100 4306106          1.1918661
4314100 4302105         1.24287365
4314100 4204202         1.16098135
4314100 4307005        0.655219227
4314100 4204301         1.12197193
4314407 4316808         1.93565412
4314407 4303004         1.51879814
4314407 4314902         1.89492026
4314407 4315602        0.642042099
4314407 4301602         1.71063894
4314407 4309308         1.67121102
4315602 4323002         2.56337684
4315602 4303004         2.09618876
4315602 4314902         2.45980898
4315602 4314407        0.642042099
4315602 4301602         1.88840798
4315602 4309308         2.26134147
4316808 4304606          1.2560152
4316808 4307708         1.24741972
4316808 4309308         1.10875364
4316808 4311403        0.448271993
4316808 4303004        0.805330524
4316808 4302105         1.00134114
4316907 4310207         1.46592465
4316907 4306106          1.1131721
4316907 4301602         1.46435621
4316907 4303004         0.93850557
4316907 4318309        0.749240785
4316907 4316808         1.42452373
4317202 4316907         2.03466592
4317202 4306106         1.25580144
4317202 4204202         1.98929789
4317202 4310207        0.755345194
4317202 4317509        0.434719607
4317202 4318903        0.679706395
4317509 4314100         1.84514064
4317509 4306106        0.863222003
4317509 4316907          1.6053668
4317509 4310207         0.40850211
4317509 4317202        0.434719607
4317509 4318903        0.616655204
4318309 4318903         1.95959573
4318309 4300406         1.56839863
4318309 4306106         1.79170159
4318309 4301602        0.993474637
4318309 4316907        0.749240785
4318309 4303004         1.38086723
4318903 4316907          1.7330598
4318903 4306106         1.35868909
4318903 4300406         1.64411417
4318903 4310207         1.00064445
4318903 4317202        0.679706395
4318903 4317509        0.616655204
4322400 4317202         2.98145641
4322400 4318903         2.32445535
4322400 4317509         2.90560612
4322400 4300406        0.897250741
4322400 4316907         2.90503311
4322400 4318309         2.41116413
5002704 4118402         2.65646176
5002704 5008305         2.09262419
5002704 3541505         2.56685426
5002704 5003702         1.36526784
5002704 5006200         1.30825964
5002704 5006606         1.85401077
5003207 5103403         3.36763347
5003207 5002704          3.2987537
5003207 5108402         3.19688547
5003207 5003306         2.09787883
5003207 5107602          3.0186324
5003207 5102504         2.45885402
5003306 5103403         3.10409173
5003306 5003207         2.09787883
5003306 5211909         2.96609834
5003306 5107602         1.76035176
5003306 5213103         2.01511679
5003306 5002704         2.66662015
5003702 4114609         2.52569282
5003702 4128104         2.09303513
5003702 4118402         2.45336206
5003702 5002704         1.36526784
5003702 5006606        0.745903977
5003702 5006200         1.43255014
5006200 3514403         1.87501423
5006200 3541505         1.58951225
5006200 4128104         1.75326791
5006200 5003702         1.43255014
5006200 5002704         1.30825964
5006200 4118402         1.34928335
5006606 4102000          2.9867774
5006606 4114609         2.77450737
5006606 4128104         2.62245361
5006606 5002704         1.85401077
5006606 5003702        0.745903977
5006606 5006200         2.17704151
5008305 3541406          1.7807472
5008305 3500105         1.62139617
5008305 3502804         1.77092029
5008305 3541505         1.40496302
5008305 3514403         1.28223581
5008305 3524808         1.66452653
5102504 5107925         4.36515765
5102504 5107602         3.16532623
5102504 5003306         3.60814358
5102504 5108402         1.83080091
5102504 5103403         2.16978144
5102504 5003207         2.45885402
5103403 5003207         3.36763347
5103403 5003306         3.10409173
5103403 5107925         2.72489634
5103403 5108402         0.34666218
5103403 5107602          1.6714645
5103403 5102504         2.16978144
5107602 5102504         3.16532623
5107602 5003207          3.0186324
5107602 5213103         2.20218592
5107602 5003306         1.76035176
5107602 5103403          1.6714645
5107602 5108402         1.87554013
5108402 5003207         3.19688547
5108402 5003306         3.15589286
5108402 5107925         2.88720279
5108402 5107602         1.87554013
5108402 5103403         0.34666218
5108402 5102504         1.83080091
5213103 5209101         3.12827175
5213103 5008305         2.86156967
5213103 5107602         2.20218592
5213103 5003306         2.01511679
5213103 5211909         1.07192343
5213103 5218805          1.7319707
2910727 2933307         1.85272174
2910727 2931350          1.1397717
2910727 2913606         1.60051025
2910727 2925303        0.462005157
2910727 2915601        0.727520403
2910727 2914802         1.47652978
2913606 2910727         1.60051025
2913606 2932903          1.4052595
2913606 2917607         1.42201917
2913606 2914802        0.156012436
2913606 2925105          1.2098954
2913606 2918001         1.29451548
2914802 2932903         1.50891046
2914802 2910727         1.47652978
2914802 2917607         1.44887387
2914802 2925105         1.11526464
2914802 2913606        0.156012436
2914802 2918001         1.28186738
2915601 2914802         2.20395373
2915601 2910727        0.727520403
2915601 3168606         1.76604806
2915601 2925303        0.619089933
2915601 2931350        0.415927886
2915601 3204906         1.75845421
2925105 2904605         1.35744873
2925105 2914802         1.11526464
2925105 2913606          1.2098954
2925105 2917607         1.07080454
2925105 2933307        0.679757537
2925105 2918001        0.700030091
2925303 3204906         2.24940474
2925303 2931350        0.946840012
2925303 2913606         1.87431894
2925303 2910727        0.462005157
2925303 2915601        0.619089933
2925303 2914802         1.77367461
2931350 3203205         1.97291001
2931350 2910727          1.1397717
2931350 3168606          1.6229857
2931350 2925303        0.946840012
2931350 2915601        0.415927886
2931350 3204906         1.34489094
2933307 2917607         1.70655073
2933307 2914802         1.59412947
2933307 2919504         1.59386226
2933307 2904605         1.12705469
2933307 2925105        0.679757537
2933307 2918001         1.33246058
3101607 3152501        0.876606223
3101607 3111200        0.851214217
3101607 3169307        0.817496351
3101607 3170701        0.582150466
3101607 3151800        0.729592116
3101607 3128709        0.723361786
3103504 5213806         1.21102954
3103504 5204508         0.96594849
3103504 3170107          1.0332809
3103504 5205109        0.852723894
3103504 3143104        0.772593062
3103504 3170206        0.463780994
3104007 3148004         1.13843033
3104007 3143104         1.04816126
3104007 3147907         1.13742121
3104007 3148103        0.670564206
3104007 3170107         1.00654548
3104007 3516200         1.00573142
3105608 3146107        0.881190247
3105608 3136702        0.597365801
3105608 3169901        0.848046925
3105608 3162500        0.473946033
3105608 3118304        0.585627914
3105608 3118007        0.737932608
3106200 3146107        0.600539121
3106200 3144805        0.180329371
3106200 3167202        0.550404679
3106200 3118601        0.124908378
3106200 3106705        0.243501427
3106200 3156700         0.18791927
3106705 3156700        0.430961331
3106705 3144805        0.321366588
3106705 3147105        0.423967433
3106705 3106200        0.243501427
3106705 3118601         0.13005358
3106705 3133808        0.410937993
3107406 3106705         1.11818561
3107406 3133808        0.800671913
3107406 3167202          1.0618563
3107406 3147105        0.694584731
3107406 3122306        0.564995676
3107406 3126109        0.899160234
3111200 3101607        0.851214217
3111200 3170701        0.655947352
3111200 3169307        0.768420712
3111200 3138203        0.407787476
3111200 3126109        0.449254061
3111200 3145604        0.546971879
3113404 3136207         1.06695803
3113404 3168705        0.523838923
3113404 3127701        0.938948973
3113404 3139409        0.483232354
3113404 3131307        0.568821397
3113404 3119401         0.64028486
3118007 3118601        0.666810883
3118007 3144805        0.443948191
3118007 3106705        0.661413188
3118007 3146107        0.280617744
3118007 3118304        0.166718103
3118007 3106200         0.62118795
3118304 3106200        0.782239333
3118304 3144805        0.602955627
3118304 3162500        0.769772457
3118304 3118007        0.166718103
3118304 3146107        0.327646737
3118304 3105608        0.585627914
3118601 3147105        0.526703785
3118601 3167202        0.481133725
3118601 3156700         0.30683621
3118601 3106705         0.13005358
3118601 3106200        0.124908378
3118601 3144805        0.259299827
3119401 3139409        0.939561949
3119401 3113404         0.64028486
3119401 3136207        0.605209966
3119401 3168705        0.132305234
3119401 3131703        0.626302567
3119401 3131307       0.0911388092
3120904 3107406         1.20423463
3120904 3106705         1.15454248
3120904 3106200         1.18771592
3120904 3167202        0.647157209
3120904 3147105         1.02688513
3120904 3118601         1.12787114
3122306 3106705        0.752390109
3122306 3145604        0.655672269
3122306 3126109        0.726607598
3122306 3147105        0.433596584
3122306 3133808        0.344871769
3122306 3107406        0.564995676
3126109 3101607        0.948459608
3126109 3138203        0.856702828
3126109 3107406        0.899160234
3126109 3145604        0.804718426
3126109 3111200        0.449254061
3126109 3122306        0.726607598
3127107 3557105         1.07497404
3127107 3533908        0.670762356
3127107 3506102         1.02876219
3127107 3505500        0.591918131
3127107 3549805        0.841315336
3127107 3530300        0.938619962
3127701 3139409          1.4191498
3127701 3168705          1.0041842
3127701 3168606         1.21600648
3127701 3131307        0.914314721
3127701 3113404        0.938948973
3127701 3119401        0.991689834
3128709 3101607        0.723361786
3128709 3147907        0.575253788
3128709 3549102        0.697640591
3128709 3164704        0.490098259
3128709 3530508        0.384407726
3128709 3151800        0.531077321
3131307 3139409        0.903432948
3131307 3131703        0.717435804
3131307 3136207        0.688046502
3131307 3168705        0.119046586
3131307 3113404        0.568821397
3131307 3119401       0.0911388092
3131703 3106200        0.725840563
3131703 3168705        0.698582857
3131703 3131307        0.717435804
3131703 3136207        0.274752212
3131703 3119401        0.626302567
3131703 3156700        0.540834612
3132404 3554102        0.670945277
3132404 3152501        0.548534398
3132404 3527207        0.513811477
3132404 3538006        0.460281355
3132404 3518404        0.413527208
3132404 3513405        0.428146543
3133808 3144805        0.684885965
3133808 3106705        0.410937993
3133808 3106200        0.652953582
3133808 3147105        0.244574649
3133808 3122306        0.344871769
3133808 3118601        0.539801032
3134202 3103504         1.38580106
3134202 5213806         1.28662699
3134202 3170206         1.21298019
3134202 5211503         0.65151117
3134202 3127107         1.17629702
3134202 5209101          1.0055725
3135100 2919504          2.4351414
3135100 2904605         2.36144713
3135100 2905206           2.067107
3135100 3143302        0.977899569
3135100 3135209         1.52972233
3135100 2911709         1.69610755
3135209 3136306         2.52940663
3135209 3170404         2.23533305
3135209 5208004         2.39812122
3135209 3135100         1.52972233
3135209 3143302          1.5918822
3135209 2911709         2.31605749
3136207 3146107        0.712391455
3136207 3168705        0.625046592
3136207 3131307        0.688046502
3136207 3131703        0.274752212
3136207 3119401        0.605209966
3136207 3156700        0.617805042
3136306 3143104         1.88418322
3136306 5205109         1.76141445
3136306 3148103         1.76421864
3136306 3170404         1.51484437
3136306 3147006         1.04347058
3136306 3148004         1.14588273
3136702 3169901        0.811959346
3136702 3305406        0.699975306
3136702 3303906        0.721795684
3136702 3306008        0.515927443
3136702 3105608        0.597365801
3136702 3306107         0.62763767
3138203 3126109        0.856702828
3138203 3170701        0.472331378
3138203 3162500        0.764059531
3138203 3169307        0.453373302
3138203 3111200        0.407787476
3138203 3145604         0.59716124
3138401 3303401        0.784233177
3138401 3306008        0.743039448
3138401 3169901        0.547436894
3138401 3305406        0.507944324
3138401 3304706        0.451431204
3138401 3143906        0.508595665
3139409 3171303        0.950509383
3139409 3168705        0.807457282
3139409 3143906        0.949677801
3139409 3113404        0.483232354
3139409 3131307        0.903432948
3139409 3119401        0.939561949
3143104 3170107         1.01311761
3143104 3148004        0.959810266
3143104 3170206        0.927234517
3143104 3103504        0.772593062
3143104 3148103        0.485943549
3143104 5205109        0.804076597
3143302 3168606         2.77153277
3143302 2911709         2.65773237
3143302 3120904         2.26108597
3143302 3135209          1.5918822
3143302 3135100        0.977899569
3143302 3136306          2.2340902
3143906 3139409        0.949677801
3143906 3169901         0.54399482
3143906 3171303        0.581819626
3143906 3304706        0.517817477
3143906 3302205        0.543014686
3143906 3138401        0.508595665
3144805 3118007        0.443948191
3144805 3146107        0.432010318
3144805 3118601        0.259299827
3144805 3106705        0.321366588
3144805 3106200        0.180329371
3144805 3156700        0.255476285
3145604 3126109        0.804718426
3145604 3122306        0.655672269
3145604 3162500        0.690320234
3145604 3138203         0.59716124
3145604 3111200        0.546971879
3145604 3133808        0.687641784
3146107 3118601        0.691279686
3146107 3144805        0.432010318
3146107 3106200        0.600539121
3146107 3118007        0.280617744
3146107 3118304        0.327646737
3146107 3156700         0.56558743
3147006 5221858         1.55074594
3147006 5212501         1.30600298
3147006 3148004         1.47278784
3147006 5205109         1.08854192
3147006 3170404        0.799919787
3147006 3136306         1.04347058
3147105 3106200        0.651587961
3147105 3122306        0.433596584
3147105 3167202        0.532231089
3147105 3133808        0.244574649
3147105 3106705        0.423967433
3147105 3118601        0.526703785
3147907 3151800         1.09102412
3147907 3530508        0.838517682
3147907 3101607        0.937573733
3147907 3128709        0.575253788
3147907 3164704        0.435114427
3147907 3516200        0.776496439
3148004 3147006         1.47278784
3148004 3136306         1.14588273
3148004 5205109         1.33512884
3148004 3104007         1.13843033
3148004 3148103        0.659499983
3148004 3143104        0.959810266
3148103 3103504         1.23523504
3148103 3148004        0.659499983
3148103 5205109         1.20684251
3148103 3143104        0.485943549
3148103 3104007        0.670564206
3148103 3170107         1.10901374
3151800 3101607        0.729592116
3151800 3530706        0.629829676
3151800 3522604        0.657950564
3151800 3128709        0.531077321
3151800 3549102         0.29318466
3151800 3530508        0.590887081
3152501 3508504        0.868911169
3152501 3538006        0.780641707
3152501 3522604        0.848735716
3152501 3132404        0.548534398
3152501 3151800        0.772831903
3152501 3549904        0.825747995
3156700 3146107         0.56558743
3156700 3131703        0.540834612
3156700 3106705        0.430961331
3156700 3118601         0.30683621
3156700 3106200         0.18791927
3156700 3144805        0.255476285
3162500 3136702        0.942481871
3162500 3138203        0.764059531
3162500 3118007        0.853508012
3162500 3145604        0.690320234
3162500 3105608        0.473946033
3162500 3118304        0.769772457
3164704 3151800         0.99027898
3164704 3516200        0.524625838
3164704 3543402         0.86443142
3164704 3128709        0.490098259
3164704 3147907        0.435114427
3164704 3530508        0.527731208
3167202 3120904        0.647157209
3167202 3106705        0.513062607
3167202 3156700        0.629656209
3167202 3118601        0.481133725
3167202 3147105        0.532231089
3167202 3106200        0.550404679
3168606 3131307          2.1107316
3168606 2915601         1.76604806
3168606 3201506         1.91542459
3168606 2931350          1.6229857
3168606 3127701         1.21600648
3168606 3204906         1.71022508
3168705 3139409        0.807457282
3168705 3131703        0.698582857
3168705 3136207        0.625046592
3168705 3113404        0.523838923
3168705 3119401        0.132305234
3168705 3131307        0.119046586
3169307 3513405        0.887528255
3169307 3111200        0.768420712
3169307 3101607        0.817496351
3169307 3132404        0.764812248
3169307 3170701        0.241504891
3169307 3138203        0.453373302
3169901 3304706        0.894357944
3169901 3136702        0.811959346
3169901 3105608        0.848046925
3169901 3171303         0.37352395
3169901 3143906         0.54399482
3169901 3138401        0.547436894
3170107 3127107         1.11980905
3170107 3103504          1.0332809
3170107 3148103         1.10901374
3170107 3143104         1.01311761
3170107 3104007         1.00654548
3170107 3170206        0.657045808
3170206 5211503          1.2787066
3170206 3127107         1.20960902
3170206 3134202         1.21298019
3170206 3143104        0.927234517
3170206 3170107        0.657045808
3170206 3103504        0.463780994
3170404 3136306         1.51484437
3170404 5212501         1.17722716
3170404 5221858         1.20444885
3170404 5300108         1.14453894
3170404 3147006        0.799919787
3170404 5208004         1.15063293
3170701 3152501         0.88445091
3170701 3111200        0.655947352
3170701 3132404        0.864494288
3170701 3169307        0.241504891
3170701 3138203        0.472331378
3170701 3101607        0.582150466
3171303 3136207        0.943731592
3171303 3118304        0.906204346
3171303 3138401        0.843513364
3171303 3169901         0.37352395
3171303 3143906        0.581819626
3171303 3146107        0.804652458
3200607 3202405         0.89885325
3200607 3201506        0.555235383
3200607 3205200        0.698034414
3200607 3205002        0.383323913
3200607 3203205        0.411112309
3200607 3201308        0.588354768
3201209 3301009         1.00271435
3201209 3201308        0.886784889
3201209 3205200        0.877296541
3201209 3202405        0.669229267
3201209 3304755        0.652820247
3201209 3302205        0.840373985
3201308 3201209        0.886784889
3201308 3200607        0.588354768
3201308 3201506        0.832261316
3201308 3205002        0.214871072
3201308 3202405        0.312249202
3201308 3205200        0.156927225
3201506 3205200        0.987511146
3201506 3201308        0.832261316
3201506 3204906         0.97303556
3201506 3200607        0.555235383
3201506 3203205        0.635434357
3201506 3205002        0.732991679
3202405 3304755         1.02015324
3202405 3201209        0.669229267
3202405 3200607         0.89885325
3202405 3205200        0.225629181
3202405 3201308        0.312249202
3202405 3205002        0.518230228
3203205 3205200         1.10847388
3203205 3201506        0.635434357
3203205 3201308        0.998177822
3203205 3200607        0.411112309
3203205 3204906         0.63376249
3203205 3205002        0.794333231
3204906 3201308         1.59866761
3204906 3200607         1.02926111
3204906 3205002         1.40790736
3204906 3201506         0.97303556
3204906 3203205         0.63376249
3204906 2931350         1.34489094
3205002 3203205        0.794333231
3205002 3202405        0.518230228
3205002 3201506        0.732991679
3205002 3200607        0.383323913
3205002 3201308        0.214871072
3205002 3205200        0.315386432
3205200 3201506        0.987511146
3205200 3201209        0.877296541
3205200 3205002        0.315386432
3205200 3200607        0.698034414
3205200 3202405        0.225629181
3205200 3201308        0.156927225
3205309 3202405         1.43651262
3205309 3205200         1.24785089
3205309 3201308         1.30474714
3205309 3200607           1.168795
3205309 3205002         1.17713134
3205309 3203205         1.28101162
3300100 3527207        0.732820071
3300100 3304201        0.561806739
3300100 3300308        0.712254591
3300100 3300407         0.50759001
3300100 3306305        0.561688015
3300100 3302007         0.55425793
3300209 3302403        0.557528294
3300209 3305505        0.256716703
3300209 3302700        0.547604915
3300209 3300704        0.240248349
3300209 3304300        0.295921115
3300209 3303401         0.48260618
3300308 3304201        0.571490823
3300308 3300407        0.286402863
3300308 3303500        0.487532514
3300308 3306107        0.199450012
3300308 3306305        0.186676339
3300308 3302007        0.428797104
3300407 3300100         0.50759001
3300407 3304201        0.303652701
3300407 3302007        0.501595602
3300407 3300308        0.286402863
3300407 3306305        0.101076298
3300407 3306107        0.427983017
3300456 3302502          0.2879044
3300456 3303500        0.131772696
3300456 3304557        0.207805791
3300456 3305109       0.0572666161
3300456 3303203        0.105723445
3300456 3301702        0.123438976
3300704 3302700        0.786855438
3300704 3304300        0.531798013
3300704 3303401        0.591535923
3300704 3305505        0.490970159
3300704 3300209        0.240248349
3300704 3302403        0.422204093
3301009 3300704         1.16372708
3301009 3304706        0.811709921
3301009 3201209         1.00271435
3301009 3302403        0.793498599
3301009 3304755        0.425180042
3301009 3302205         0.71728153
3301702 3303906        0.274029292
3301702 3303500        0.209314268
3301702 3303203        0.228450459
3301702 3300456        0.123438976
3301702 3305109          0.1660161
3301702 3302502        0.187725749
3301900 3305505         0.35959741
3301900 3302700        0.169963951
3301900 3302502        0.292142039
3301900 3304904        0.161566915
3301900 3303302        0.260171354
3301900 3304300        0.266595338
3302007 3300456        0.455311291
3302007 3303203        0.389136574
3302007 3306305         0.44502677
3302007 3303500        0.352273857
3302007 3304557        0.374911276
3302007 3300308        0.428797104
3302205 3201209        0.840373985
3302205 3304755        0.784673634
3302205 3138401         0.81617122
3302205 3304706        0.445455403
3302205 3301009         0.71728153
3302205 3143906        0.543014686
3302403 3301009        0.793498599
3302403 3300209        0.557528294
3302403 3304706         0.77056148
3302403 3303401        0.524703883
3302403 3300704        0.422204093
3302403 3304300        0.752387714
3302502 3305109        0.304992453
3302502 3300456          0.2879044
3302502 3301900        0.292142039
3302502 3301702        0.187725749
3302502 3303906        0.219530018
3302502 3304904        0.241664997
3302700 3302502        0.422915929
3302700 3304300        0.291283148
3302700 3305505         0.30053482
3302700 3301900        0.169963951
3302700 3304904        0.201447532
3302700 3303302          0.2385417
3303203 3302502        0.377869229
3303203 3303500        0.152246288
3303203 3301702        0.228450459
3303203 3304557         0.10449232
3303203 3305109       0.0730827567
3303203 3300456        0.105723445
3303302 3300456        0.371411788
3303302 3301900        0.260171354
3303302 3305109        0.336034064
3303302 3304904        0.106742102
3303302 3302700          0.2385417
3303302 3302502        0.307010075
3303401 3301900        0.556330815
3303401 3305406         0.43648333
3303401 3302403        0.524703883
3303401 3304300        0.423878239
3303401 3305802        0.372368593
3303401 3300209         0.48260618
3303500 3302007        0.352273857
3303500 3305109        0.167943986
3303500 3304557        0.241232891
3303500 3300456        0.131772696
3303500 3303203        0.152246288
3303500 3301702        0.209314268
3303906 3305109        0.438998584
3303906 3300456        0.396793181
3303906 3305802         0.29582649
3303906 3302502        0.219530018
3303906 3301702        0.274029292
3303906 3306008        0.277850241
3304201 3306107        0.659895986
3304201 3300100        0.561806739
3304201 3300308        0.571490823
3304201 3306305         0.39952392
3304201 3300407        0.303652701
3304201 3513405        0.533068562
3304300 3303401        0.423878239
3304300 3302700        0.291283148
3304300 3304904        0.418772278
3304300 3301900        0.266595338
3304300 3305505        0.159380735
3304300 3300209        0.295921115
3304557 3302007        0.374911276
3304557 3301702         0.32756031
3304557 3300456        0.207805791
3304557 3303500        0.241232891
3304557 3303203         0.10449232
3304557 3305109        0.162469837
3304706 3301009        0.811709921
3304706 3305406        0.784880754
3304706 3143906        0.517817477
3304706 3302403         0.77056148
3304706 3302205        0.445455403
3304706 3138401        0.451431204
3304755 3302403         1.21662323
3304755 3202405         1.02015324
3304755 3304706         1.06699931
3304755 3201209        0.652820247
3304755 3301009        0.425180042
3304755 3302205        0.784673634
3304904 3305109        0.370295781
3304904 3301702        0.359017631
3304904 3302502        0.241664997
3304904 3301900        0.161566915
3304904 3303302        0.106742102
3304904 3302700        0.201447532
3305109 3302502        0.304992453
3305109 3301702          0.1660161
3305109 3303500        0.167943986
3305109 3303203       0.0730827567
3305109 3300456       0.0572666161
3305109 3304557        0.162469837
3305406 3302502        0.657113306
3305406 3303401         0.43648333
3305406 3138401        0.507944324
3305406 3306008         0.30821211
3305406 3305802        0.294303593
3305406 3303906        0.502157264
3305505 3300704        0.490970159
3305505 3301900         0.35959741
3305505 3304904        0.481388993
3305505 3300209        0.256716703
3305505 3304300        0.159380735
3305505 3302700         0.30053482
3305802 3301900        0.436112261
3305802 3303401        0.372368593
3305802 3302502        0.383441105
3305802 3306008        0.306367356
3305802 3305406        0.294303593
3305802 3303906         0.29582649
3306008 3301702        0.541338886
3306008 3305406         0.30821211
3306008 3136702        0.515927443
3306008 3303906        0.277850241
3306008 3305802        0.306367356
3306008 3302502        0.489528607
3306107 3136702         0.62763767
3306107 3300407        0.427983017
3306107 3302007        0.610762058
3306107 3306305        0.344952606
3306107 3300308        0.199450012
3306107 3303500        0.575962023
3306305 3300100        0.561688015
3306305 3306107        0.344952606
3306305 3302007         0.44502677
3306305 3300407        0.101076298
3306305 3300308        0.186676339
3306305 3304201         0.39952392
3500105 3541505        0.810923657
3500105 3555000        0.640336422
3500105 3506508        0.772960884
3500105 3514403        0.527624252
3500105 3541406        0.505397529
3500105 3502804        0.668448795
3501608 3519071        0.175235855
3501608 3512803         0.12524282
3501608 3545803        0.159051064
3501608 3552403        0.121459825
3501608 3536505         0.14621995
3501608 3526902        0.145337246
3501905 3507605        0.340838985
3501905 3523404        0.307974404
3501905 3556206        0.330900625
3501905 3509502        0.306836327
3501905 3530805        0.312032748
3501905 3522604        0.268490409
3502804 3557105        0.879251169
3502804 3525706         0.79555905
3502804 3555000         0.83438615
3502804 3506508        0.267942625
3502804 3500105        0.668448795
3502804 3524808        0.828295026
3503208 3519600        0.666503463
3503208 3524303        0.583142738
3503208 3531308        0.638015636
3503208 3529302        0.307982471
3503208 3548906        0.338933985
3503208 3525300        0.628370147
3503307 3530805        0.351577269
3503307 3530706        0.316181179
3503307 3512803        0.334995883
3503307 3526902        0.255478322
3503307 3526704        0.174546505
3503307 3543907        0.257538731
3504008 4124103        0.771512513
3504008 3555000        0.664280253
3504008 3534708        0.667954407
3504008 3535507        0.250418403
3504008 3529005        0.609333235
3504008 4106407        0.656162374
3504107 3556701        0.399830609
3504107 3556503        0.256748301
3504107 3525904        0.333935151
3504107 3523404        0.255637223
3504107 3507605        0.187462368
3504107 3518800        0.309002977
3504503 3522307        0.958743511
3504503 3522406        0.839175062
3504503 3506003        0.853373325
3504503 3507506        0.475448944
3504503 3546405         0.72541953
3504503 3525300        0.849269556
3505500 3549805        0.760779618
3505500 3531308         0.75458275
3505500 3511102        0.693602473
3505500 3506102        0.449062936
3505500 3533908        0.362169425
3505500 3127107        0.591918131
3505708 3522208         0.23265509
3505708 3513009        0.189183165
3505708 3552809        0.146774441
3505708 3515004        0.148304441
3505708 3510609       0.0570190754
3505708 3534401       0.0910589253
3506003 3527108         0.82161901
3506003 3525300        0.571650748
3506003 3522703        0.771224744
3506003 3516705        0.563967934
3506003 3519600        0.538538848
3506003 3546405         0.71026089
3506102 3551702        0.533990899
3506102 3505500        0.449062936
3506102 3533908        0.506758509
3506102 3524303        0.356181487
3506102 3531308        0.319639795
3506102 3511102        0.492467472
3506508 3557105        0.881492733
3506508 3527108        0.772665215
3506508 3500105        0.772960884
3506508 3502804        0.267942625
3506508 3525706        0.597040144
3506508 3555000        0.709849811
3507506 3506003        0.896742596
3507506 3554003        0.779236635
3507506 3522307        0.854751441
3507506 3538709        0.697873049
3507506 3504503        0.475448944
3507506 3525300        0.574112147
3507605 3556701        0.436915982
3507605 3556503        0.388915546
3507605 3556206        0.426922516
3507605 3523404        0.267250227
3507605 3501905        0.340838985
3507605 3504107        0.187462368
3508504 3510500        0.581345209
3508504 3538006        0.338423124
3508504 3518404        0.571910253
3508504 3549904        0.215630421
3508504 3554102        0.211565421
3508504 3524402        0.339002228
3509502 3523404        0.260351032
3509502 3552403        0.223169262
3509502 3556701        0.175266218
3509502 3556206        0.110697499
3509502 3519071         0.16400808
3509502 3536505        0.169078361
3510500 3549904        0.703925939
3510500 3524402        0.607099064
3510500 3530607         0.70149915
3510500 3508504        0.581345209
3510500 3555406        0.530389893
3510500 3554102        0.552744463
3510609 3522208        0.187925439
3510609 3513009        0.172382076
3510609 3552809       0.0897553718
3510609 3515004        0.101744937
3510609 3534401       0.0568024284
3510609 3505708       0.0570190754
3511102 3530300        0.621211491
3511102 3506102        0.492467472
3511102 3549805        0.518477092
3511102 3531308        0.448606154
3511102 3533908        0.428544172
3511102 3522703        0.440051167
3512803 3509502        0.272405373
3512803 3526902         0.18513716
3512803 3519071         0.22779108
3512803 3501608         0.12524282
3512803 3536505        0.105172849
3512803 3552403        0.205079826
3513009 3550605        0.195285365
3513009 3510609        0.172382076
3513009 3505708        0.189183165
3513009 3522208        0.119116814
3513009 3515004        0.111572808
3513009 3552809         0.18250648
3513405 3554102        0.730113032
3513405 3538006        0.559676121
3513405 3518404        0.331545066
3513405 3132404        0.428146543
3513405 3304201        0.533068562
3513405 3527207        0.248413025
3513504 3541000        0.188176925
3513504 3548708        0.152097176
3513504 3543303        0.164957693
3513504 3547809        0.141927255
3513504 3548500        0.116716981
3513504 3551009        0.123020933
3513801 3552809        0.191009521
3513801 3548708        0.130692581
3513801 3547809        0.172602389
3513801 3548807       0.0843180284
3513801 3550308       0.0597254544
3513801 3529401        0.167895069
3515004 3505708        0.148304441
3515004 3513009        0.111572808
3515004 3534401        0.137481765
3515004 3522208       0.0861825124
3515004 3510609        0.101744937
3515004 3552809       0.0720552557
3516200 3104007         1.00573142
3516200 3543402        0.789686107
3516200 3530508        0.959633194
3516200 3147907        0.776496439
3516200 3164704        0.524625838
3516200 3551702        0.846400394
3516705 3504008        0.819734717
3516705 3527108        0.581315351
3516705 3534708        0.739781911
3516705 3529005        0.298249001
3516705 3506003        0.563967934
3516705 3546405        0.590729474
3518404 3508504        0.571910253
3518404 3132404        0.413527208
3518404 3554102        0.398576275
3518404 3538006        0.242469421
3518404 3527207        0.172860291
3518404 3513405        0.331545066
3518701 3547809        0.303729482
3518701 3541000        0.295173414
3518701 3543303        0.300722279
3518701 3513504        0.192852518
3518701 3548500       0.0994309258
3518701 3551009        0.253635209
3518800 3543303        0.302850423
3518800 3529401        0.263585862
3518800 3552502        0.251335215
3518800 3548807        0.249581347
3518800 3539806        0.167369389
3518800 3523107        0.134513686
3519071 3512803         0.22779108
3519071 3501608        0.175235855
3519071 3520509        0.227703092
3519071 3552403       0.0662785703
3519071 3509502         0.16400808
3519071 3536505         0.14436057
3519600 3503208        0.666503463
3519600 3506003        0.538538848
3519600 3531308        0.619569197
3519600 3522703        0.246965207
3519600 3529302        0.455963659
3519600 3525300        0.581618334
3520509 3552403        0.271046897
3520509 3556206        0.257071296
3520509 3556701        0.231042218
3520509 3519071        0.227703092
3520509 3523909        0.217196937
3520509 3545209        0.124724156
3522109 3515004        0.440998693
3522109 3513009        0.435437895
3522109 3548708        0.398041107
3522109 3541000        0.321096453
3522109 3551009        0.370877597
3522109 3522208         0.35562797
3522208 3550308        0.228022808
3522208 3510609        0.187925439
3522208 3534401        0.219756394
3522208 3513009        0.119116814
3522208 3515004       0.0861825124
3522208 3552809        0.137341356
3522307 3523909        0.904376225
3522307 3507506        0.854751441
3522307 3557006        0.719693702
3522307 3554003        0.380439509
3522307 3522406        0.795130953
3522307 3552205        0.700413634
3522406 4104907          1.3133897
3522406 3507506         1.12540854
3522406 3546405         1.30637836
3522406 3504503        0.839175062
3522406 3522307        0.795130953
3522406 3554003         1.14416137
3522604 3536505         0.48910126
3522604 3530706        0.325462739
3522604 3512803        0.468903066
3522604 3501905        0.268490409
3522604 3530805         0.21714762
3522604 3549102        0.454991996
3522703 3503208        0.679310376
3522703 3529302        0.390313468
3522703 3524303         0.62212801
3522703 3519600        0.246965207
3522703 3531308        0.403962378
3522703 3511102        0.440051167
3523107 3543303        0.249288377
3523107 3529401        0.233586179
3523107 3552502        0.148781058
3523107 3530607        0.183128258
3523107 3539806        0.070209097
3523107 3518800        0.134513686
3523404 3509502        0.260351032
3523404 3504107        0.255637223
3523404 3556503         0.21282772
3523404 3525904        0.212241329
3523404 3556206        0.169938718
3523404 3556701         0.16968814
3523909 3525904        0.388273882
3523909 3552205        0.225959554
3523909 3557006        0.298914702
3523909 3545209        0.127939568
3523909 3520509        0.217196937
3523909 3550605        0.298542253
3524303 3503208        0.583142738
3524303 3543402        0.466693416
3524303 3529302        0.416784289
3524303 3506102        0.356181487
3524303 3531308        0.248475415
3524303 3551702        0.294899863
3524402 3552502        0.445151654
3524402 3523107        0.379921039
3524402 3539806        0.424937471
3524402 3549904        0.217330112
3524402 3508504        0.339002228
3524402 3530607        0.333953494
3524808 3549805         1.30074603
3524808 3525706         1.11623641
3524808 3530300         1.18143002
3524808 3502804        0.828295026
3524808 3557105        0.590600414
3524808 3506508        0.996709242
3525300 3548906        0.785360527
3525300 3503208        0.628370147
3525300 3529302        0.697413095
3525300 3507506        0.574112147
3525300 3506003        0.571650748
3525300 3519600        0.581618334
3525706 3502804         0.79555905
3525706 3557105         0.66548065
