0 458 gas_prices_hist CodIBGE
3514403 3500105        0.527624252
3514403 3541406        0.498520271
3514403 3541505         0.34713327
3541505 3500105        0.810923657
3541505 3541406        0.534125763
3541505 3514403         0.34713327
4204202 4204301        0.653095651
4204202 4307005        0.650205886
4204202 4219507        0.348841323
4204301 4204202        0.653095651
4204301 4219507        0.544542458
4204301 4307005        0.475572154
4219507 4118501        0.747580575
4219507 4204301        0.544542458
4219507 4204202        0.348841323
4300406 4318903         1.64411417
4300406 4318309         1.56839863
4300406 4322400        0.897250741
4301602 4316907         1.46435621
4301602 4303004         1.45724824
4301602 4318309        0.993474637
4303004 4311403         1.24072941
4303004 4316907         0.93850557
4303004 4316808        0.805330524
4306106 4316907          1.1131721
4306106 4317509        0.863222003
4306106 4310207        0.506916145
4307005 4314100        0.655219227
4307005 4204202        0.650205886
4307005 4204301        0.475572154
4310207 4317202        0.755345194
4310207 4306106        0.506916145
4310207 4317509         0.40850211
4311403 4318705        0.916841062
4311403 4302105        0.555546072
4311403 4316808        0.448271993
4314100 4204202         1.16098135
4314100 4204301         1.12197193
4314100 4307005        0.655219227
4314407 4309308         1.67121102
4314407 4303004         1.51879814
4314407 4315602        0.642042099
4315602 4303004         2.09618876
4315602 4301602         1.88840798
4315602 4314407        0.642042099
4316808 4302105         1.00134114
4316808 4303004        0.805330524
4316808 4311403        0.448271993
4316907 4306106          1.1131721
4316907 4303004         0.93850557
4316907 4318309        0.749240785
4317202 4310207        0.755345194
4317202 4318903        0.679706395
4317202 4317509        0.434719607
4317509 4318903        0.616655204
4317509 4317202        0.434719607
4317509 4310207         0.40850211
4318309 4303004         1.38086723
4318309 4301602        0.993474637
4318309 4316907        0.749240785
4318903 4310207         1.00064445
4318903 4317202        0.679706395
4318903 4317509        0.616655204
4322400 4318309         2.41116413
4322400 4318903         2.32445535
4322400 4300406        0.897250741
5002704 5006606         1.85401077
5002704 5003702         1.36526784
5002704 5006200         1.30825964
5003207 5107602          3.0186324
5003207 5102504         2.45885402
5003207 5003306         2.09787883
5003306 5003207         2.09787883
5003306 5213103         2.01511679
5003306 5107602         1.76035176
5003702 5006200         1.43255014
5003702 5002704         1.36526784
5003702 5006606        0.745903977
5006200 5003702         1.43255014
5006200 4118402         1.34928335
5006200 5002704         1.30825964
5006606 5006200         2.17704151
5006606 5002704         1.85401077
5006606 5003702        0.745903977
5008305 3500105         1.62139617
5008305 3541505         1.40496302
5008305 3514403         1.28223581
5102504 5003207         2.45885402
5102504 5108402         1.83080091
5102504 5103403         2.16978144
5103403 5102504         2.16978144
5103403 5107602          1.6714645
5103403 5108402         0.34666218
5107602 5108402         1.87554013
5107602 5003306         1.76035176
5107602 5103403          1.6714645
5108402 5107602         1.87554013
5108402 5102504         1.83080091
5108402 5103403         0.34666218
5213103 5003306         2.01511679
5213103 5218805          1.7319707
5213103 5211909         1.07192343
2910727 2931350          1.1397717
2910727 2925303        0.462005157
2910727 2915601        0.727520403
2913606 2918001         1.29451548
2913606 2925105          1.2098954
2913606 2914802        0.156012436
2914802 2918001         1.28186738
2914802 2925105         1.11526464
2914802 2913606        0.156012436
2915601 2910727        0.727520403
2915601 2925303        0.619089933
2915601 2931350        0.415927886
2925105 2917607         1.07080454
2925105 2918001        0.700030091
2925105 2933307        0.679757537
2925303 2931350        0.946840012
2925303 2910727        0.462005157
2925303 2915601        0.619089933
2931350 2910727          1.1397717
2931350 2925303        0.946840012
2931350 2915601        0.415927886
2933307 2918001         1.33246058
2933307 2904605         1.12705469
2933307 2925105        0.679757537
3101607 3151800        0.729592116
3101607 3128709        0.723361786
3101607 3170701        0.582150466
3103504 5205109        0.852723894
3103504 3143104        0.772593062
3103504 3170206        0.463780994
3104007 3170107         1.00654548
3104007 3516200         1.00573142
3104007 3148103        0.670564206
3105608 3136702        0.597365801
3105608 3118304        0.585627914
3105608 3162500        0.473946033
3106200 3156700         0.18791927
3106200 3144805        0.180329371
3106200 3118601        0.124908378
3106705 3144805        0.321366588
3106705 3106200        0.243501427
3106705 3118601         0.13005358
3107406 3133808        0.800671913
3107406 3147105        0.694584731
3107406 3122306        0.564995676
3111200 3145604        0.546971879
3111200 3126109        0.449254061
3111200 3138203        0.407787476
3113404 3131307        0.568821397
3113404 3168705        0.523838923
3113404 3139409        0.483232354
3118007 3144805        0.443948191
3118007 3146107        0.280617744
3118007 3118304        0.166718103
3118304 3105608        0.585627914
3118304 3146107        0.327646737
3118304 3118007        0.166718103
3118601 3144805        0.259299827
3118601 3106200        0.124908378
3118601 3106705         0.13005358
3119401 3136207        0.605209966
3119401 3168705        0.132305234
3119401 3131307       0.0911388092
3120904 3118601         1.12787114
3120904 3147105         1.02688513
3120904 3167202        0.647157209
3122306 3107406        0.564995676
3122306 3147105        0.433596584
3122306 3133808        0.344871769
3126109 3145604        0.804718426
3126109 3122306        0.726607598
3126109 3111200        0.449254061
3127107 3549805        0.841315336
3127107 3533908        0.670762356
3127107 3505500        0.591918131
3127701 3119401        0.991689834
3127701 3131307        0.914314721
3127701 3113404        0.938948973
3128709 3151800        0.531077321
3128709 3164704        0.490098259
3128709 3530508        0.384407726
3131307 3113404        0.568821397
3131307 3119401       0.0911388092
3131307 3168705        0.119046586
3131703 3119401        0.626302567
3131703 3156700        0.540834612
3131703 3136207        0.274752212
3132404 3538006        0.460281355
3132404 3513405        0.428146543
3132404 3518404        0.413527208
3133808 3106705        0.410937993
3133808 3122306        0.344871769
3133808 3147105        0.244574649
3134202 3127107         1.17629702
3134202 5211503         0.65151117
3134202 5209101          1.0055725
3135100 2911709         1.69610755
3135100 3135209         1.52972233
3135100 3143302        0.977899569
3135209 3170404         2.23533305
3135209 3143302          1.5918822
3135209 3135100         1.52972233
3136207 3156700        0.617805042
3136207 3119401        0.605209966
3136207 3131703        0.274752212
3136306 3170404         1.51484437
3136306 3148004         1.14588273
3136306 3147006         1.04347058
3136702 3306107         0.62763767
3136702 3105608        0.597365801
3136702 3306008        0.515927443
3138203 3170701        0.472331378
3138203 3169307        0.453373302
3138203 3111200        0.407787476
3138401 3143906        0.508595665
3138401 3305406        0.507944324
3138401 3304706        0.451431204
3139409 3131307        0.903432948
3139409 3168705        0.807457282
3139409 3113404        0.483232354
3143104 5205109        0.804076597
3143104 3103504        0.772593062
3143104 3148103        0.485943549
3143302 3136306          2.2340902
3143302 3135209          1.5918822
3143302 3135100        0.977899569
3143906 3302205        0.543014686
3143906 3138401        0.508595665
3143906 3304706        0.517817477
3144805 3118601        0.259299827
3144805 3156700        0.255476285
3144805 3106200        0.180329371
3145604 3122306        0.655672269
3145604 3138203         0.59716124
3145604 3111200        0.546971879
3146107 3144805        0.432010318
3146107 3118304        0.327646737
3146107 3118007        0.280617744
3147006 5205109         1.08854192
3147006 3136306         1.04347058
3147006 3170404        0.799919787
3147105 3122306        0.433596584
3147105 3106705        0.423967433
3147105 3133808        0.244574649
3147907 3516200        0.776496439
3147907 3128709        0.575253788
3147907 3164704        0.435114427
3148004 3104007         1.13843033
3148004 3143104        0.959810266
3148004 3148103        0.659499983
3148103 3104007        0.670564206
3148103 3148004        0.659499983
3148103 3143104        0.485943549
3151800 3530508        0.590887081
3151800 3128709        0.531077321
3151800 3549102         0.29318466
3152501 3538006        0.780641707
3152501 3151800        0.772831903
3152501 3132404        0.548534398
3156700 3118601         0.30683621
3156700 3106200         0.18791927
3156700 3144805        0.255476285
3162500 3138203        0.764059531
3162500 3145604        0.690320234
3162500 3105608        0.473946033
3164704 3516200        0.524625838
3164704 3128709        0.490098259
3164704 3147907        0.435114427
3167202 3147105        0.532231089
3167202 3106705        0.513062607
3167202 3118601        0.481133725
3168606 3204906         1.71022508
3168606 2931350          1.6229857
3168606 3127701         1.21600648
3168705 3113404        0.523838923
3168705 3119401        0.132305234
3168705 3131307        0.119046586
3169307 3132404        0.764812248
3169307 3138203        0.453373302
3169307 3170701        0.241504891
3169901 3138401        0.547436894
3169901 3143906         0.54399482
3169901 3171303         0.37352395
3170107 3143104         1.01311761
3170107 3170206        0.657045808
3170107 3104007         1.00654548
3170206 3143104        0.927234517
3170206 3170107        0.657045808
3170206 3103504        0.463780994
3170404 5208004         1.15063293
3170404 3147006        0.799919787
3170404 5300108         1.14453894
3170701 3101607        0.582150466
3170701 3138203        0.472331378
3170701 3169307        0.241504891
3171303 3146107        0.804652458
3171303 3143906        0.581819626
3171303 3169901         0.37352395
3200607 3201506        0.555235383
3200607 3203205        0.411112309
3200607 3205002        0.383323913
3201209 3302205        0.840373985
3201209 3202405        0.669229267
3201209 3304755        0.652820247
3201308 3202405        0.312249202
3201308 3205002        0.214871072
3201308 3205200        0.156927225
3201506 3205002        0.732991679
3201506 3203205        0.635434357
3201506 3200607        0.555235383
3202405 3205002        0.518230228
3202405 3205200        0.225629181
3202405 3201308        0.312249202
3203205 3201506        0.635434357
3203205 3204906         0.63376249
3203205 3200607        0.411112309
3204906 3200607         1.02926111
3204906 3203205         0.63376249
3204906 3201506         0.97303556
3205002 3200607        0.383323913
3205002 3205200        0.315386432
3205002 3201308        0.214871072
3205200 3205002        0.315386432
3205200 3202405        0.225629181
3205200 3201308        0.156927225
3205309 3205200         1.24785089
3205309 3205002         1.17713134
3205309 3200607           1.168795
3300100 3306305        0.561688015
3300100 3302007         0.55425793
3300100 3300407         0.50759001
3300209 3304300        0.295921115
3300209 3305505        0.256716703
3300209 3300704        0.240248349
3300308 3300407        0.286402863
3300308 3306107        0.199450012
3300308 3306305        0.186676339
3300407 3304201        0.303652701
3300407 3300308        0.286402863
3300407 3306305        0.101076298
3300456 3301702        0.123438976
3300456 3303203        0.105723445
3300456 3305109       0.0572666161
3300704 3305505        0.490970159
3300704 3302403        0.422204093
3300704 3300209        0.240248349
3301009 3302403        0.793498599
3301009 3302205         0.71728153
3301009 3304755        0.425180042
3301702 3302502        0.187725749
3301702 3305109          0.1660161
3301702 3300456        0.123438976
3301900 3303302        0.260171354
3301900 3302700        0.169963951
3301900 3304904        0.161566915
3302007 3303203        0.389136574
3302007 3304557        0.374911276
3302007 3303500        0.352273857
3302205 3301009         0.71728153
3302205 3143906        0.543014686
3302205 3304706        0.445455403
3302403 3300209        0.557528294
3302403 3303401        0.524703883
3302403 3300704        0.422204093
3302502 3304904        0.241664997
3302502 3303906        0.219530018
3302502 3301702        0.187725749
3302700 3303302          0.2385417
3302700 3304904        0.201447532
3302700 3301900        0.169963951
3303203 3300456        0.105723445
3303203 3304557         0.10449232
3303203 3305109       0.0730827567
3303302 3301900        0.260171354
3303302 3302700          0.2385417
3303302 3304904        0.106742102
3303401 3305406         0.43648333
3303401 3304300        0.423878239
3303401 3305802        0.372368593
3303500 3305109        0.167943986
3303500 3303203        0.152246288
3303500 3300456        0.131772696
3303906 3306008        0.277850241
3303906 3301702        0.274029292
3303906 3302502        0.219530018
3304201 3513405        0.533068562
3304201 3306305         0.39952392
3304201 3300407        0.303652701
3304300 3302700        0.291283148
3304300 3301900        0.266595338
3304300 3305505        0.159380735
3304557 3300456        0.207805791
3304557 3305109        0.162469837
3304557 3303203         0.10449232
3304706 3143906        0.517817477
3304706 3138401        0.451431204
3304706 3302205        0.445455403
3304755 3302205        0.784673634
3304755 3201209        0.652820247
3304755 3301009        0.425180042
3304904 3302700        0.201447532
3304904 3303302        0.106742102
3304904 3301900        0.161566915
3305109 3304557        0.162469837
3305109 3303203       0.0730827567
3305109 3300456       0.0572666161
3305406 3303401         0.43648333
3305406 3306008         0.30821211
3305406 3305802        0.294303593
3305505 3302700         0.30053482
3305505 3300209        0.256716703
3305505 3304300        0.159380735
3305802 3306008        0.306367356
3305802 3303906         0.29582649
3305802 3305406        0.294303593
3306008 3305406         0.30821211
3306008 3305802        0.306367356
3306008 3303906        0.277850241
3306107 3300407        0.427983017
3306107 3300308        0.199450012
3306107 3306305        0.344952606
3306305 3306107        0.344952606
3306305 3300308        0.186676339
3306305 3300407        0.101076298
3500105 3555000        0.640336422
3500105 3514403        0.527624252
3500105 3541406        0.505397529
3501608 3526902        0.145337246
3501608 3512803         0.12524282
3501608 3552403        0.121459825
3501905 3523404        0.307974404
3501905 3509502        0.306836327
3501905 3522604        0.268490409
3502804 3525706         0.79555905
3502804 3500105        0.668448795
3502804 3506508        0.267942625
3503208 3524303        0.583142738
3503208 3548906        0.338933985
3503208 3529302        0.307982471
3503307 3543907        0.257538731
3503307 3526902        0.255478322
3503307 3526704        0.174546505
3504008 4106407        0.656162374
3504008 3529005        0.609333235
3504008 3535507        0.250418403
3504107 3556503        0.256748301
3504107 3523404        0.255637223
3504107 3507605        0.187462368
3504503 3522406        0.839175062
3504503 3546405         0.72541953
3504503 3507506        0.475448944
3505500 3127107        0.591918131
3505500 3506102        0.449062936
3505500 3533908        0.362169425
3505708 3552809        0.146774441
3505708 3534401       0.0910589253
3505708 3510609       0.0570190754
3506003 3525300        0.571650748
3506003 3516705        0.563967934
3506003 3519600        0.538538848
3506102 3505500        0.449062936
3506102 3524303        0.356181487
3506102 3531308        0.319639795
3506508 3555000        0.709849811
3506508 3525706        0.597040144
3506508 3502804        0.267942625
3507506 3538709        0.697873049
3507506 3525300        0.574112147
3507506 3504503        0.475448944
3507605 3501905        0.340838985
3507605 3523404        0.267250227
3507605 3504107        0.187462368
3508504 3538006        0.338423124
3508504 3549904        0.215630421
3508504 3554102        0.211565421
3509502 3536505        0.169078361
3509502 3519071         0.16400808
3509502 3556206        0.110697499
3510500 3508504        0.581345209
3510500 3554102        0.552744463
3510500 3555406        0.530389893
3510609 3552809       0.0897553718
3510609 3505708       0.0570190754
3510609 3534401       0.0568024284
3511102 3531308        0.448606154
3511102 3522703        0.440051167
3511102 3533908        0.428544172
3512803 3526902         0.18513716
3512803 3501608         0.12524282
3512803 3536505        0.105172849
3513009 3510609        0.172382076
3513009 3522208        0.119116814
3513009 3515004        0.111572808
3513405 3132404        0.428146543
3513405 3518404        0.331545066
3513405 3527207        0.248413025
3513504 3547809        0.141927255
3513504 3551009        0.123020933
3513504 3548500        0.116716981
3513801 3548708        0.130692581
3513801 3548807       0.0843180284
3513801 3550308       0.0597254544
3515004 3510609        0.101744937
3515004 3522208       0.0861825124
3515004 3552809       0.0720552557
3516200 3543402        0.789686107
3516200 3147907        0.776496439
3516200 3164704        0.524625838
3516705 3527108        0.581315351
3516705 3506003        0.563967934
3516705 3529005        0.298249001
3518404 3513405        0.331545066
3518404 3538006        0.242469421
3518404 3527207        0.172860291
3518701 3551009        0.253635209
3518701 3513504        0.192852518
3518701 3548500       0.0994309258
3518800 3548807        0.249581347
3518800 3539806        0.167369389
3518800 3523107        0.134513686
3519071 3509502         0.16400808
3519071 3536505         0.14436057
3519071 3552403       0.0662785703
3519600 3506003        0.538538848
3519600 3529302        0.455963659
3519600 3522703        0.246965207
3520509 3519071        0.227703092
3520509 3523909        0.217196937
3520509 3545209        0.124724156
3522109 3551009        0.370877597
3522109 3522208         0.35562797
3522109 3541000        0.321096453
3522208 3552809        0.137341356
3522208 3513009        0.119116814
3522208 3515004       0.0861825124
3522307 3557006        0.719693702
3522307 3552205        0.700413634
3522307 3554003        0.380439509
3522406 3507506         1.12540854
3522406 3522307        0.795130953
3522406 3504503        0.839175062
3522604 3530706        0.325462739
3522604 3501905        0.268490409
3522604 3530805         0.21714762
3522703 3531308        0.403962378
3522703 3529302        0.390313468
3522703 3519600        0.246965207
3523107 3552502        0.148781058
3523107 3539806        0.070209097
3523107 3518800        0.134513686
3523404 3525904        0.212241329
3523404 3556206        0.169938718
3523404 3556701         0.16968814
3523909 3552205        0.225959554
3523909 3520509        0.217196937
3523909 3545209        0.127939568
3524303 3506102        0.356181487
3524303 3551702        0.294899863
3524303 3531308        0.248475415
3524402 3508504        0.339002228
3524402 3530607        0.333953494
3524402 3549904        0.217330112
3524808 3506508        0.996709242
3524808 3502804        0.828295026
3524808 3557105        0.590600414
3525300 3519600        0.581618334
3525300 3507506        0.574112147
3525300 3506003        0.571650748
3525706 3527108        0.568633605
3525706 3549805        0.512601621
3525706 3530300         0.37965649
3525904 3523404        0.212241329
3525904 3556701        0.162048566
3525904 3556503       0.0914936764
3526704 3530706        0.314414809
3526704 3539301        0.183818675
3526704 3503307        0.174546505
3526902 3545803        0.212119982
3526902 3512803         0.18513716
3526902 3501608        0.145337246
3527108 3529005        0.607403321
3527108 3516705        0.581315351
3527108 3525706        0.568633605
3527207 3538006        0.408528977
3527207 3513405        0.248413025
3527207 3518404        0.172860291
3529005 3527108        0.607403321
3529005 3555000        0.597752375
3529005 3516705        0.298249001
3529302 3522703        0.390313468
3529302 3531308        0.365580842
3529302 3503208        0.307982471
3529401 3548807        0.126140869
3529401 3543303       0.0558635914
3529401 3547809       0.0620054588
3530300 3533908        0.558236814
3530300 3525706         0.37965649
3530300 3549805        0.149288402
3530508 3540705        0.571071633
3530508 3164704        0.527731208
3530508 3128709        0.384407726
3530607 3523107        0.183128258
3530607 3539806          0.1653997
3530607 3552502        0.130290902
3530706 3503307        0.316181179
3530706 3530805        0.222977553
3530706 3526704        0.314414809
3530805 3512803        0.281625325
3530805 3530706        0.222977553
3530805 3522604         0.21714762
3531308 3529302        0.365580842
3531308 3506102        0.319639795
3531308 3524303        0.248475415
3533908 3511102        0.428544172
3533908 3549805        0.408973708
3533908 3505500        0.362169425
3534401 3552809       0.0918308321
3534401 3505708       0.0910589253
3534401 3510609       0.0568024284
3534708 3504008        0.667954407
3534708 4124103        0.415579822
3534708 3546405        0.317674205
3535507 3529005        0.702292519
3535507 3555000        0.520006529
3535507 3504008        0.250418403
3536505 3501608         0.14621995
3536505 3519071         0.14436057
3536505 3512803        0.105172849
3538006 3508504        0.338423124
3538006 3554102        0.211495931
3538006 3518404        0.242469421
3538709 3526902        0.439355629
3538709 3543907        0.407379253
3538709 3545803        0.363594017
3539301 3503307        0.356404459
3539301 3540705        0.163666958
3539301 3526704        0.183818675
3539806 3530607          0.1653997
3539806 3552502        0.085967279
3539806 3523107        0.070209097
3540705 3548906        0.426872135
3540705 3526704        0.347277302
3540705 3539301        0.163666958
3541000 3548708        0.203984521
3541000 3513504        0.188176925
3541000 3551009       0.0656775138
3543303 3552502        0.130816698
3543303 3529401       0.0558635914
3543303 3547809       0.0472127622
3543402 3503208        0.683338037
3543402 3524303        0.466693416
3543402 3551702        0.207179686
3543907 3526704        0.315288942
3543907 3526902        0.311729846
3543907 3503307        0.257538731
3545209 3519071        0.316599682
3545209 3523909        0.127939568
3545209 3520509        0.124724156
3545803 3526902        0.212119982
3545803 3552403        0.170145398
3545803 3501608        0.159051064
3546405 3506003         0.71026089
3546405 3516705        0.590729474
3546405 3534708        0.317674205
3547809 3548708        0.138403888
3547809 3529401       0.0620054588
3547809 3543303       0.0472127622
3548500 3543303        0.201304719
3548500 3513504        0.116716981
3548500 3518701       0.0994309258
3548708 3513504        0.152097176
3548708 3547809        0.138403888
3548708 3513801        0.130692581
3548807 3529401        0.126140869
3548807 3550308        0.085469563
3548807 3513801       0.0843180284
3548906 3539301        0.483477259
3548906 3540705        0.426872135
3548906 3503208        0.338933985
3549102 3522604        0.454991996
3549102 3151800         0.29318466
3549102 3530706        0.340591814
3549805 3525706        0.512601621
3549805 3533908        0.408973708
3549805 3530300        0.149288402
3549904 3554102        0.426154636
3549904 3524402        0.217330112
3549904 3508504        0.215630421
3550308 3552809        0.141381922
3550308 3548807        0.085469563
3550308 3513801       0.0597254544
3550605 3510609        0.267632994
3550605 3505708        0.236383343
3550605 3513009        0.195285365
3551009 3548708        0.158975156
3551009 3513504        0.123020933
3551009 3541000       0.0656775138
3551702 3506102        0.533990899
3551702 3524303        0.294899863
3551702 3543402        0.207179686
3552205 3545209        0.318581272
3552205 3557006        0.122160817
3552205 3523909        0.225959554
3552403 3536505         0.15049171
3552403 3501608        0.121459825
3552403 3519071       0.0662785703
3552502 3543303        0.130816698
3552502 3530607        0.130290902
3552502 3539806        0.085967279
3552809 3534401       0.0918308321
3552809 3510609       0.0897553718
3552809 3515004       0.0720552557
3554003 3557006        0.511644955
3554003 3552205        0.435106745
3554003 3522307        0.380439509
3554102 3518404        0.398576275
3554102 3508504        0.211565421
3554102 3538006        0.211495931
3555000 3500105        0.640336422
3555000 3529005        0.597752375
3555000 3535507        0.520006529
3555406 3527207        0.589638852
3555406 3554102         0.56208529
3555406 3510500        0.530389893
3556206 3523404        0.169938718
3556206 3556701       0.0716085169
3556206 3509502        0.110697499
3556503 3556701        0.231505373
3556503 3523404         0.21282772
3556503 3525904       0.0914936764
3556701 3523404         0.16968814
3556701 3525904        0.162048566
3556701 3556206       0.0716085169
3557006 3523909        0.298914702
3557006 3552205        0.122160817
3557006 3550605        0.298672863
3557105 3525706         0.66548065
3557105 3530300        0.609808112
3557105 3524808        0.590600414
4201406 4218707        0.633220405
4201406 4321501        0.513402508
4201406 4204608        0.244490746
4202008 4202305        0.434997562
4202008 4202909        0.313045405
4202008 4208203        0.137374719
4202305 4211900        0.340178697
4202305 4205407        0.235682976
4202305 4216602        0.149950872
4202404 4208906        0.408611019
4202404 4208203        0.353921514
4202404 4202909        0.304202775
4202909 4202008        0.313045405
4202909 4202404        0.304202775
4202909 4208203        0.220989822
4204608 4209409         0.59926328
4204608 4201406        0.244490746
4204608 4218707        0.414893577
4205407 4211900        0.247380651
4205407 4202305        0.235682976
4205407 4216602        0.148116976
4208203 4202404        0.353921514
4208203 4202909        0.220989822
4208203 4202008        0.137374719
4208906 4208203         0.63492383
4208906 4202404        0.408611019
4208906 4209102        0.315789177
4209102 4202404        0.657157323
4209102 4125506        0.597336959
4209102 4208906        0.315789177
4209300 4201406         1.26727368
4209300 4204608         1.18641101
4209300 4322509        0.680034487
4209409 4211900          0.7326989
4209409 4204608         0.59926328
4209409 4218707        0.211248973
4210100 4209102        0.938987377
4210100 4208906           0.781417
4210100 4101804        0.742571708
4211900 4202305        0.340178697
4211900 4205407        0.247380651
4211900 4216602        0.193627325
4216602 4211900        0.193627325
4216602 4202305        0.149950872
4216602 4205407        0.148116976
4218707 4201406        0.633220405
4218707 4204608        0.414893577
4218707 4209409        0.211248973
4219309 4204301        0.910617091
4219309 4128203        0.898547367
4219309 4203006        0.247379972
4300604 4314902        0.162234537
4300604 4309209        0.137891207
4300604 4303103       0.0940378759
4303103 4320008        0.104917914
4303103 4300604       0.0940378759
4303103 4304606       0.0848279685
4304606 4320008        0.100153323
4304606 4303103       0.0848279685
4304606 4307708       0.0606623287
4305108 4302105        0.528530077
4305108 4319901        0.512745717
4305108 4309100         0.31054451
4307708 4318705        0.101478554
4307708 4320008       0.0516040735
4307708 4304606       0.0606623287
4309100 4313409        0.380470106
4309100 4305108         0.31054451
4309100 4319901        0.248575641
4309209 4313409        0.186004498
4309209 4303103        0.150913758
4309209 4300604        0.137891207
4313409 4319901        0.131899671
4313409 4320008         0.12241818
4313409 4318705       0.0981274964
4313508 4321501        0.745026139
4313508 4309209         0.68029443
4313508 4323002        0.652265159
4314902 4303103        0.187875817
4314902 4304606        0.183626369
4314902 4300604        0.162234537
4318705 4307708        0.101478554
4318705 4320008       0.0688864039
4318705 4313409       0.0981274964
4319901 4309100        0.248575641
4319901 4318705        0.205429569
4319901 4313409        0.131899671
4320008 4304606        0.100153323
4320008 4318705       0.0688864039
4320008 4307708       0.0516040735
4321501 4204608        0.748666963
4321501 4313508        0.745026139
4321501 4201406        0.513402508
4322509 4302105         0.98249194
4322509 4305108        0.738847927
4322509 4209300        0.680034487
4323002 4314902        0.304115651
4323002 4309209         0.28711544
4323002 4300604        0.240381031
5200258 5212501        0.783700687
5200258 5300108        0.490699424
5200258 5221858        0.444232227
5201108 5221403        0.669429996
5201108 5201405        0.594405925
5201108 5208707         0.46345342
5201405 5201108        0.594405925
5201405 5221403        0.330008699
5201405 5208707        0.166875726
5204508 5211503         1.00542914
5204508 3103504         0.96594849
5204508 5213806        0.487447204
5205109 5204508         1.00595463
5205109 3103504        0.852723894
5205109 3143104        0.804076597
5208004 5200258          1.1322882
5208004 5221858         1.07321566
5208004 5300108        0.725244124
5208707 5201108         0.46345342
5208707 5221403        0.271083782
5208707 5201405        0.166875726
5209101 3134202          1.0055725
5209101 5213806        0.574058302
5209101 5211503        0.433369263
5211503 3134202         0.65151117
5211503 5213806        0.646789555
5211503 5209101        0.433369263
5212501 5200258        0.783700687
5212501 5300108        0.727624828
5212501 5221858        0.397503005
5213806 5211503        0.646789555
5213806 5204508        0.487447204
5213806 5209101        0.574058302
5221403 5201108        0.669429996
5221403 5201405        0.330008699
5221403 5208707        0.271083782
5221858 5200258        0.444232227
5221858 5212501        0.397503005
5221858 5300108        0.358656383
5300108 5208004        0.725244124
5300108 5200258        0.490699424
5300108 5221858        0.358656383
1200203 1100205         8.53030489
1200203 1304203         8.02741998
1200203 1200401         4.85836552
1200401 1100023         5.41499513
1200401 1200203         4.85836552
1200401 1100205         4.16542043
1400100 1301902         6.58501459
1400100 1302504         6.41384762
1400100 1302603         5.76209123
1500404 1600600         3.73383392
1500404 1303403         2.76330132
1500404 1506807          2.0842044
1500602 1504208         3.96334713
1500602 1505536         3.41333338
1500602 1503606         2.68151853
1503606 1506807         3.43085975
1503606 1303403         3.20274077
1503606 1500602         2.68151853
1506807 1503606         3.43085975
1506807 1303403         1.61565686
1506807 1500404          2.0842044
5100250 1503606         4.18637138
5100250 5107925         2.77339372
5100250 5107909         1.86922056
5107909 5103403         3.76838228
5107909 5100250         1.86922056
5107909 5107925         1.04525618
5107925 5100250         2.77339372
5107925 5103403         2.72489634
5107925 5107909         1.04525618
1500107 1502103        0.819036763
1500107 1501402        0.647102134
1500107 1500800        0.637604956
1500800 1500107        0.637604956
1500800 1502400        0.510732823
1500800 1501402        0.120550104
1501402 1500107        0.647102134
1501402 1502400        0.583597169
1501402 1500800        0.120550104
1501709 1501402         1.69524041
1501709 1500800         1.62409121
1501709 1502400         1.11406687
1502103 1501402         1.46117769
1502103 1500800         1.45655777
1502103 1500107        0.819036763
1502400 1500107         1.10681479
1502400 1501402        0.583597169
1502400 1500800        0.510732823
1502707 1508407         1.27063741
1502707 1702109         1.25669525
1502707 1506138        0.694694396
1504208 1702109         2.22232758
1504208 1508407         1.34334547
1504208 1505536        0.704249219
1505502 1502400         1.95380405
1505502 1500107         1.95152736
1505502 2100055         1.60545566
1505536 1506138          1.9396464
1505536 1508407          1.1476058
1505536 1504208        0.704249219
1506138 1702109         1.77120304
1506138 1502707        0.694694396
1506138 1508407         1.28174647
1508407 1502707         1.27063741
1508407 1505536          1.1476058
1508407 1702109         1.12623854
1702109 1506138         1.77120304
1702109 1502707         1.25669525
1702109 1508407         1.12623854
1709500 1721000         1.61004957
1709500 1716109         1.43224085
1709500 1718204         1.17434104
1716109 1709500         1.43224085
1716109 1721000        0.672450118
1716109 1718204        0.461596915
1718204 1709500         1.17434104
1718204 1721000        0.473069542
1718204 1716109        0.461596915
1721000 1709500         1.61004957
1721000 1716109        0.672450118
1721000 1718204        0.473069542
2100055 2109908         2.12911288
2100055 1505502         1.60545566
2100055 2105302        0.604707968
2101202 2109106         1.15204703
2101202 2103307        0.975051934
2101202 2109908        0.745900582
2101400 2101608         2.96905503
2101400 1721000          2.6839587
2101400 1702109          2.4210061
2101608 2103307         1.57727762
2101608 2109106        0.759184443
2101608 2101202           1.399461
2103000 2109106         1.23012154
2103000 2211001        0.606607899
2103000 2103307        0.641229842
2103307 2101202        0.975051934
2103307 2109106        0.884823598
2103307 2103000        0.641229842
2105302 1702109         2.23450617
2105302 2100055        0.604707968
2105302 1505502         2.13648741
2108603 2109908         1.37336611
2108603 2111300        0.830553028
2108603 2111201          1.0398947
2109106 2101202         1.15204703
2109106 2103307        0.884823598
2109106 2101608        0.759184443
2109908 2111300         1.64571153
2109908 2101202        0.745900582
2109908 2108603         1.37336611
2111201 2101202         1.72505887
2111201 2108603          1.0398947
2111201 2111300        0.222778448
2111300 2101202         1.60421546
2111300 2108603        0.830553028
2111300 2111201        0.222778448
2207702 2306405         2.19829338
2207702 2208403         1.37117389
2207702 2312908         1.74727275
2208007 2304202         2.04260832
2208007 2304103         2.02584205
2208007 2601102         1.17381663
2208403 2207702         1.37117389
2208403 2304103          1.3636383
2208403 2211001         1.23868431
2211001 2103307         1.24779137
2211001 2208403         1.23868431
2211001 2103000        0.606607899
2302800 2307650        0.944304621
2302800 2311306        0.728866404
2302800 2303709        0.865974685
2303709 2302800        0.865974685
2303709 2304400         0.28126066
2303709 2307650        0.204731789
2304103 2302800         1.52750343
2304103 2312908         1.47401386
2304103 2208403          1.3636383
2304202 2612208        0.976738325
2304202 2305506         0.90463937
2304202 2307304        0.206311018
2304400 2302800          1.0813481
2304400 2303709         0.28126066
2304400 2307650        0.138892332
2305407 2307304        0.938858373
2305407 2516201        0.657352345
2305407 2305506        0.495426924
2305506 2304202         0.90463937
2305506 2305407        0.495426924
2305506 2307304        0.825057706
2306405 2302800         1.01857996
2306405 2303709        0.879800034
2306405 2312908        0.751796376
2307304 2305407        0.938858373
2307304 2305506        0.825057706
2307304 2304202        0.206311018
2307601 2307650         1.40311864
2307601 2311306        0.923570493
2307601 2408003        0.720962086
2307650 2302800        0.944304621
2307650 2303709        0.204731789
2307650 2304400        0.138892332
2311306 2307650         1.12013405
2311306 2307601        0.923570493
2311306 2302800        0.728866404
2312908 2303709         1.41799926
2312908 2302800         1.00001251
2312908 2306405        0.751796376
2402006 2408003         1.32337754
2402006 2516201         1.21904865
2402006 2510808        0.597122713
2403251 2501807         1.25627419
2403251 2503209         1.17699931
2403251 2408102        0.110965059
2408003 2311306         1.63680255
2408003 2402006         1.32337754
2408003 2307601        0.720962086
2408102 2501807          1.3637428
2408102 2503209         1.28194346
2408102 2403251        0.110965059
2501807 2606200        0.465468335
2501807 2503209        0.128743453
2501807 2507507       0.0620601944
2503209 2606200        0.577796465
2503209 2507507        0.140149185
2503209 2501807        0.128743453
2504009 2501807         1.05255383
2504009 2604106         0.91787609
2504009 2612505        0.721677806
2507507 2606200        0.437649632
2507507 2503209        0.140149185
2507507 2501807       0.0620601944
2510808 2612505         1.33625425
2510808 2516201        0.944429057
2510808 2402006        0.597122713
2516201 2305506         1.11884742
2516201 2510808        0.944429057
2516201 2305407        0.657352345
2601102 2307304         1.26999722
2601102 2208007         1.17381663
2601102 2304202         1.06432304
2601201 2608800        0.781117243
2601201 2606002        0.745307776
2601201 2601706        0.618108441
2601706 2608800        0.435565797
2601706 2604106        0.396533754
2601706 2612505         0.37790122
2602902 2611606        0.275701801
2602902 2616407        0.235385435
2602902 2607901        0.142824768
2604106 2608800        0.566320925
2604106 2612505        0.423838645
2604106 2601706        0.396533754
2606002 2601706        0.676994572
2606002 2706307        0.500203144
2606002 2608800         0.33049252
2606200 2609600        0.403412292
2606200 2610707        0.336430511
2606200 2606804         0.22148767
2606804 2606200         0.22148767
2606804 2609600        0.199133239
2606804 2610707        0.134737973
2607901 2609600        0.210078979
2607901 2602902        0.142824768
2607901 2611606        0.132965845
2608800 2604106        0.566320925
2608800 2606002         0.33049252
2608800 2601706        0.435565797
2609600 2606804        0.199133239
2609600 2611606       0.0813823151
2609600 2610707       0.0671656667
2610707 2606804        0.134737973
2610707 2611606        0.121769916
2610707 2609600       0.0671656667
2611101 2930105         1.52824755
2611101 2601102         1.41455864
2611101 2918407        0.604035528
2611606 2607901        0.132965845
2611606 2610707        0.121769916
2611606 2609600       0.0813823151
2612208 2304202        0.976738325
2612208 2613909        0.727103594
2612208 2307304        0.968196091
2612505 2504009        0.721677806
2612505 2604106        0.423838645
2612505 2601706         0.37790122
2613909 2516201         1.30613855
2613909 2612208        0.727103594
2613909 2307304         1.25504907
2616407 2611606        0.371369979
2616407 2607901        0.284279095
2616407 2602902        0.235385435
2700300 2606002        0.832041728
2700300 2707701        0.821624586
2700300 2706307        0.332928206
2702405 2802908         1.43249764
2702405 2613909         1.39886052
2702405 2924009        0.286191013
2704302 2700300        0.956948245
2704302 2706307        0.900418147
