0 458 gas_prices_hist CodIBGE
3514403 3535507        0.388676818
3514403 3506508         0.38940023
3514403 5008305        0.389185866
3514403 3555000        0.391479918
3514403 3541406        0.397451983
3514403 3541505        0.398218981
3514403 3500105        0.397273269
3514403 3502804        0.391707266
3541505 3502804        0.386764571
3541505 5008305        0.387257766
3541505 3500105        0.395011026
3541505 3535507        0.387618954
3541505 4118402        0.388712756
3541505 3514403        0.398218981
3541505 3541406        0.397231973
3541505 3555000        0.388720971
4204202 4203006        0.383738359
4204202 4219309        0.385158217
4204202 4118501        0.393488632
4204202 4108403        0.390659794
4204202 4219507        0.398211852
4204202 4307005        0.396410419
4204202 4204301        0.396387937
4204202 4314100        0.390926052
4204301 4128203        0.386258314
4204301 4118501         0.38958933
4204301 4219309        0.393991398
4204301 4314100        0.391450693
4204301 4204202        0.396387937
4204301 4219507        0.397164762
4204301 4307005        0.397585801
4204301 4203006        0.392524854
4219507 4314100        0.387383169
4219507 4203006        0.388472994
4219507 4307005        0.395249385
4219507 4219309         0.38907065
4219507 4204202        0.398211852
4219507 4118501        0.395598717
4219507 4204301        0.397164762
4219507 4108403        0.391782917
4300406 4310207        0.365306213
4300406 4301602        0.367359911
4300406 4317509        0.371928334
4300406 4317202        0.367783357
4300406 4318903        0.383028467
4300406 4316907        0.375379312
4300406 4322400          0.3941348
4300406 4318309        0.384434082
4301602 4306106        0.361060993
4301602 4300406        0.367359911
4301602 4316907         0.38626518
4301602 4316808        0.369344047
4301602 4318309        0.393056422
4301602 4303004        0.386385998
4301602 4314407        0.381743313
4301602 4315602        0.378082864
4303004 4306106        0.383676526
4303004 4309308        0.384717244
4303004 4301602        0.386385998
4303004 4314407        0.385321611
4303004 4318309        0.387649441
4303004 4311403        0.389800103
4303004 4316808        0.395064805
4303004 4316907        0.393685541
4306106 4303004        0.383676526
4306106 4316808        0.385799454
4306106 4318903        0.388004298
4306106 4316907        0.391566659
4306106 4317202        0.389579283
4306106 4314100        0.390498485
4306106 4317509        0.394490534
4306106 4310207         0.39740146
4307005 4118501        0.385140557
4307005 4322509        0.385312229
4307005 4219507        0.395249385
4307005 4203006        0.386231141
4307005 4204202        0.396410419
4307005 4314100        0.396371352
4307005 4204301        0.397585801
4307005 4219309         0.38894858
4310207 4307005        0.380519869
4310207 4204202        0.381439368
4310207 4314100        0.386617782
4310207 4316907        0.386238446
4310207 4317202        0.395529201
4310207 4317509        0.397940984
4310207 4306106         0.39740146
4310207 4318903        0.392971801
4311403 4313409        0.392961326
4311403 4320008        0.393529688
4311403 4304606         0.39354584
4311403 4309308        0.393767536
4311403 4307708        0.393832487
4311403 4302105        0.397092368
4311403 4316808        0.397736839
4311403 4318705        0.393923918
4314100 4219507        0.387383169
4314100 4316808        0.387689012
4314100 4204202        0.390926052
4314100 4311403        0.389567825
4314100 4204301        0.391450693
4314100 4307005        0.396371352
4314100 4306106        0.390498485
4314100 4302105        0.389768843
4314407 4323002        0.374687272
4314407 4304606        0.374862674
4314407 4314902        0.377942608
4314407 4316808        0.377055564
4314407 4315602        0.396473403
4314407 4301602        0.381743313
4314407 4303004        0.385321611
4314407 4309308        0.382510631
4315602 4300604        0.360007292
4315602 4316808        0.361074694
4315602 4314902         0.36419775
4315602 4309308        0.369373247
4315602 4323002        0.361355573
4315602 4301602        0.378082864
4315602 4303004        0.373398163
4315602 4314407        0.396473403
4316808 4320008        0.389133316
4316808 4318705        0.389414502
4316808 4302105        0.392963547
4316808 4304606        0.389576133
4316808 4309308        0.391624555
4316808 4311403        0.397736839
4316808 4303004        0.395064805
4316808 4307708        0.389702397
4316907 4318903        0.381299698
4316907 4317509        0.383755424
4316907 4301602         0.38626518
4316907 4310207        0.386238446
4316907 4303004        0.393685541
4316907 4316808        0.386935124
4316907 4318309        0.395583913
4316907 4306106        0.391566659
4317202 4307005        0.369654387
4317202 4316907        0.374829986
4317202 4314100         0.37367975
4317202 4204202        0.375861905
4317202 4318903        0.396176277
4317202 4317509        0.397808522
4317202 4310207        0.395529201
4317202 4306106        0.389579283
4317509 4318309        0.374334565
4317509 4204202        0.375730485
4317509 4314100        0.379003753
4317509 4316907        0.383755424
4317509 4317202        0.397808522
4317509 4318903        0.396664238
4317509 4310207        0.397940984
4317509 4306106        0.394490534
4318309 4317509        0.374334565
4318309 4310207        0.374716076
4318309 4303004        0.387649441
4318309 4318903         0.37652639
4318309 4300406        0.384434082
4318309 4301602        0.393056422
4318309 4316907        0.395583913
4318309 4306106        0.380114646
4318903 4322400        0.367766791
4318903 4318309         0.37652639
4318903 4306106        0.388004298
4318903 4316907        0.381299698
4318903 4317202        0.396176277
4318903 4317509        0.396664238
4318903 4310207        0.392971801
4318903 4300406        0.383028467
4322400 4310207        0.341393603
4322400 4301602         0.34676254
4322400 4317509        0.351312604
4322400 4317202        0.348958097
4322400 4318903        0.367766791
4322400 4316907         0.35133022
4322400 4300406          0.3941348
4322400 4318309        0.365499642
5002704 3514403        0.356228615
5002704 5003306        0.358429108
5002704 5008305        0.373482134
5002704 4118402        0.358721105
5002704 5006200        0.388790954
5002704 5006606        0.378816522
5002704 5003702        0.387899601
5002704 3541505        0.361258504
5003207 5003702        0.317267397
5003207 5002704        0.338641807
5003207 5006606        0.326254539
5003207 5108402        0.342033189
5003207 5107602        0.347787859
5003207 5103403        0.336308178
5003207 5003306        0.373358306
5003207 5102504        0.364223513
5003306 5008305        0.339448342
5003306 5108402        0.343377188
5003306 5103403        0.345058137
5003306 5211909        0.349438446
5003306 5107602         0.38075262
5003306 5002704        0.358429108
5003306 5003207        0.373358306
5003306 5213103        0.375277146
5003702 4105508        0.356913939
5003702 4114609        0.362400696
5003702 4102000        0.360304132
5003702 4118402        0.364371517
5003702 4128104        0.373472459
5003702 5006606        0.395613635
5003702 5002704        0.387899601
5003702 5006200        0.386801521
5006200 4105508        0.376323376
5006200 5008305        0.377436589
5006200 3514403        0.378369973
5006200 4128104        0.380895364
5006200 5002704        0.388790954
5006200 5003702        0.386801521
5006200 4118402        0.388153154
5006200 3541505        0.384048269
5006606 4118402         0.34343995
5006606 4127700        0.345683498
5006606 4102000         0.34879125
5006606 4128104        0.359692244
5006606 4114609         0.35527444
5006606 5002704        0.378816522
5006606 5003702        0.395613635
5006606 5006200        0.371460386
5008305 3506508        0.374832758
5008305 5006200        0.377436589
5008305 3524808        0.382639096
5008305 3541406        0.380338727
5008305 3500105        0.383456625
5008305 3541505        0.387257766
5008305 3514403        0.389185866
5008305 3502804        0.380538688
5102504 5213103         0.26618706
5102504 1100304         0.27149052
5102504 5003207        0.364223513
5102504 5107925        0.299425156
5102504 5107602        0.343068973
5102504 5103403        0.371636965
5102504 5108402        0.379304731
5102504 5003306        0.327917477
5103403 5213103        0.318727164
5103403 5107909        0.322132068
5103403 5003207        0.336308178
5103403 5003306        0.345058137
5103403 5107602         0.38250575
5103403 5102504        0.371636965
5103403 5108402        0.398220941
5103403 5107925        0.356737156
5107602 5218805        0.319899082
5107602 5211909        0.340319907
5107602 5003207        0.347787859
5107602 5102504        0.343068973
5107602 5103403         0.38250575
5107602 5108402        0.378358734
5107602 5003306         0.38075262
5107602 5213103        0.370844924
5108402 5213103         0.31057085
5108402 5107909        0.316084373
5108402 5003207        0.342033189
5108402 5003306        0.343377188
5108402 5107602        0.378358734
5108402 5103403        0.398220941
5108402 5102504        0.379304731
5108402 5107925         0.35187707
5213103 5211503        0.334309487
5213103 5221403        0.336183662
5213103 5209101        0.344275936
5213103 5107602        0.370844924
5213103 5008305        0.352658805
5213103 5003306        0.375277146
5213103 5211909        0.392098511
5213103 5218805        0.381321368
2910727 3168606        0.369091847
2910727 2925105        0.377272659
2910727 2933307        0.378843781
2910727 2913606        0.383845413
2910727 2915601        0.395775044
2910727 2914802        0.386056983
2910727 2931350         0.39121344
2910727 2925303        0.397661969
2913606 2928703        0.381025675
2913606 2933307        0.381472775
2913606 2918001        0.389000461
2913606 2910727        0.383845413
2913606 2932903        0.387252907
2913606 2925105        0.390243921
2913606 2914802        0.398796077
2913606 2917607        0.386976669
2914802 2925303        0.380482743
2914802 2932903        0.385495367
2914802 2933307        0.383963263
2914802 2917607        0.386527635
2914802 2910727        0.386056983
2914802 2925105        0.391539163
2914802 2913606        0.398796077
2914802 2918001        0.389191403
2915601 2933307        0.367614652
2915601 2913606        0.367685897
2915601 2914802        0.370801426
2915601 3168606        0.380637458
2915601 2910727        0.395775044
2915601 2925303        0.396646266
2915601 2931350        0.397904297
2915601 3204906        0.380790908
2925105 2919504        0.380670277
2925105 2932903         0.38231456
2925105 2914802        0.391539163
2925105 2904605        0.388023984
2925105 2913606        0.390243921
2925105 2933307        0.396175863
2925105 2917607        0.392112668
2925105 2918001        0.396009012
2925303 2925105        0.366788972
2925303 3204906        0.369672876
2925303 2933307        0.368017516
2925303 2913606        0.378384828
2925303 2910727        0.397661969
2925303 2915601        0.396646266
2925303 2914802        0.380482743
2925303 2931350        0.393592393
2931350 3200607        0.366480332
2931350 3201506        0.369966109
2931350 3168606        0.383426846
2931350 3203205        0.376229619
2931350 2910727         0.39121344
2931350 2915601        0.397904297
2931350 2925303        0.393592393
2931350 3204906        0.388222334
2933307 2910727        0.378843781
2933307 2913606        0.381472775
2933307 2917607        0.381823634
2933307 2918001        0.388416954
2933307 2919504        0.383968189
2933307 2914802        0.383963263
2933307 2925105        0.396175863
2933307 2904605        0.391383311
3101607 3147907        0.393695906
3101607 3138203        0.393713224
3101607 3111200        0.394612854
3101607 3152501        0.394352219
3101607 3151800        0.395757052
3101607 3169307        0.394947362
3101607 3170701        0.396911408
3101607 3128709        0.395811007
3103504 3148103        0.389879968
3103504 5213806        0.390227786
3103504 5211503        0.390146196
3103504 3170107        0.392579163
3103504 5204508        0.393375807
3103504 5205109        0.394597568
3103504 3143104        0.395372258
3103504 3170206        0.397652123
3104007 3170206        0.385831631
3104007 3164704         0.38912205
3104007 3143104        0.392396095
3104007 3147907        0.391244975
3104007 3148004        0.391231444
3104007 3148103        0.396249934
3104007 3170107        0.392901712
3104007 3516200        0.392911405
3105608 3171303        0.392396051
3105608 3306107        0.393157353
3105608 3118304        0.396887136
3105608 3146107        0.394304369
3105608 3169901        0.394644839
3105608 3162500        0.397595046
3105608 3136702         0.39680415
3105608 3118007         0.39568411
3106200 3147105        0.396399679
3106200 3118007        0.396630723
3106200 3146107        0.396781435
3106200 3167202        0.397126373
3106200 3118601        0.398848556
3106200 3144805        0.398746961
3106200 3106705        0.398586216
3106200 3156700        0.398730177
3106705 3118007        0.396322676
3106705 3167202        0.397363942
3106705 3147105        0.397863837
3106705 3156700        0.397828013
3106705 3133808        0.397929022
3106705 3106200        0.398586216
3106705 3118601        0.398840677
3106705 3144805        0.398322292
3107406 3120904        0.390324242
3107406 3106705        0.391500698
3107406 3145604        0.390398815
3107406 3167202        0.392225373
3107406 3147105        0.396054304
3107406 3133808         0.39510932
3107406 3122306        0.397029053
3107406 3126109        0.394114441
3111200 3162500        0.392498848
3111200 3122306        0.394525184
3111200 3170701        0.396365653
3111200 3101607        0.394612854
3111200 3145604        0.397148902
3111200 3138203        0.397944479
3111200 3126109         0.39773156
3111200 3169307        0.395410542
3113404 3171303        0.389026409
3113404 3131703        0.390340041
3113404 3136207        0.392161228
3113404 3127701        0.393680606
3113404 3139409        0.397541828
3113404 3119401        0.396486857
3113404 3131307        0.397003119
3113404 3168705        0.397297082
3118007 3105608         0.39568411
3118007 3156700        0.396255061
3118007 3106705        0.396322676
3118007 3118601        0.396279888
3118007 3146107        0.398469464
3118007 3144805        0.397759947
3118007 3118304        0.398775327
3118007 3106200        0.396630723
3118304 3106705        0.394847769
3118304 3156700          0.3949737
3118304 3106200        0.395282966
3118304 3162500        0.395398161
3118304 3118007        0.398775327
3118304 3144805        0.396764058
3118304 3146107        0.398297843
3118304 3105608        0.396887136
3118601 3118007        0.396279888
3118601 3147105        0.397279075
3118601 3133808        0.397195514
3118601 3167202        0.397553944
3118601 3144805        0.398538538
3118601 3106200        0.398848556
3118601 3106705        0.398840677
3118601 3156700         0.39837705
3119401 3156700        0.390968826
3119401 3127701        0.393077395
3119401 3136207        0.396747785
3119401 3139409        0.393673779
3119401 3131703        0.396592614
3119401 3131307        0.398892381
3119401 3168705        0.398837129
3119401 3113404        0.396486857
3120904 3133808         0.38942762
3120904 3156700        0.389967263
3120904 3107406        0.390324242
3120904 3106200        0.390556565
3120904 3118601         0.39137246
3120904 3167202        0.396434032
3120904 3147105         0.39265707
3120904 3106705        0.391013836
3122306 3118601        0.394325238
3122306 3111200        0.394525184
3122306 3145604        0.396367807
3122306 3106705        0.395555741
3122306 3107406        0.397029053
3122306 3147105        0.397814364
3122306 3133808        0.398228366
3122306 3126109        0.395782955
3126109 3133808        0.392467337
3126109 3170701        0.392866196
3126109 3145604        0.395070668
3126109 3101607        0.393574199
3126109 3138203        0.394557151
3126109 3122306        0.395782955
3126109 3111200         0.39773156
3126109 3107406        0.394114441
3127107 3170107        0.391479278
3127107 3511102         0.39175601
3127107 3506102        0.392634254
3127107 3557105        0.392059841
3127107 3530300        0.393684268
3127107 3505500        0.396842867
3127107 3533908        0.396248348
3127107 3549805        0.394712431
3127701 3131703        0.384470263
3127701 3201506        0.385913844
3127701 3119401        0.393077395
3127701 3168606        0.390156807
3127701 3139409        0.387024181
3127701 3131307        0.393951363
3127701 3113404        0.393680606
3127701 3168705        0.392929806
3128709 3539301         0.39299566
3128709 3540705        0.393638122
3128709 3147907        0.396959123
3128709 3101607        0.395811007
3128709 3164704        0.397501821
3128709 3151800        0.397251398
3128709 3530508         0.39805549
3128709 3549102         0.39602893
3131307 3156700        0.389689743
3131307 3127701        0.393951363
3131307 3136207        0.396108226
3131307 3139409        0.394068731
3131307 3131703        0.395861904
3131307 3119401        0.398892381
3131307 3168705        0.398857146
3131307 3113404        0.397003119
3131703 3118601        0.394777815
3131703 3144805        0.395418308
3131703 3131307        0.395861904
3131703 3106200        0.395789595
3131703 3119401        0.396592614
3131703 3136207        0.398489012
3131703 3168705        0.396021084
3131703 3156700        0.397188833
3132404 3169307        0.395443489
3132404 3508504        0.395626894
3132404 3554102        0.396246883
3132404 3152501        0.397138665
3132404 3527207        0.397359341
3132404 3538006         0.39767149
3132404 3518404        0.397916229
3132404 3513405        0.397842501
3133808 3167202        0.395810978
3133808 3144805        0.396134111
3133808 3145604        0.396111547
3133808 3106200        0.396389044
3133808 3106705        0.397929022
3133808 3147105        0.398583071
3133808 3122306        0.398228366
3133808 3118601        0.397195514
3134202 5204508        0.384471113
3134202 3557105        0.385101672
3134202 3127107        0.390715367
3134202 3103504        0.387569762
3134202 5213806        0.389119758
3134202 5211503        0.396400276
3134202 5209101        0.392913296
3134202 3170206             0.3902
3135100 3168606        0.355146202
3135100 2904605        0.366808022
3135100 2933307        0.359557957
3135100 2905206        0.374079616
3135100 3135209        0.385128413
3135100 2919504        0.364860603
3135100 3143302        0.393238209
3135100 2911709        0.382028014
3135209 3147006        0.355935793
3135209 2905206        0.356266303
3135209 2911709        0.367982687
3135209 3136306        0.362298252
3135209 3143302        0.384004665
3135209 3170404         0.37002437
3135209 3135100        0.385128413
3135209 5208004        0.365845069
3136207 3106200        0.395105978
3136207 3144805        0.395311517
3136207 3131307        0.396108226
3136207 3146107        0.395904903
3136207 3131703        0.398489012
3136207 3119401        0.396747785
3136207 3168705        0.396602001
3136207 3156700        0.396655759
3136306 3107406        0.371431206
3136306 3120904        0.377403852
3136306 5205109        0.380731161
3136306 3143104        0.378173623
3136306 3147006        0.392454076
3136306 3148004        0.391131158
3136306 3170404        0.385391217
3136306 3148103         0.38067448
3136702 3305802        0.394923146
3136702 3300308        0.394967881
3136702 3303906        0.395824498
3136702 3169901        0.395001028
3136702 3305406         0.39600947
3136702 3105608         0.39680415
3136702 3306008        0.397346302
3136702 3306107        0.396582616
3138203 3122306        0.391129025
3138203 3101607        0.393713224
3138203 3126109        0.394557151
3138203 3162500        0.395450342
3138203 3170701        0.397604194
3138203 3169307         0.39770929
3138203 3111200        0.397944479
3138203 3145604         0.39680561
3138401 3302205        0.394960238
3138401 3169901        0.397145859
3138401 3305802         0.39512442
3138401 3143906        0.397391253
3138401 3305406        0.397395215
3138401 3303401        0.395264374
3138401 3306008        0.395639046
3138401 3304706        0.397719815
3139409 3201209        0.391980934
3139409 3302205        0.392363365
3139409 3119401        0.393673779
3139409 3171303        0.393551129
3139409 3113404        0.397541828
3139409 3168705        0.395044399
3139409 3131307        0.394068731
3139409 3143906        0.393560494
3143104 5204508        0.384752908
3143104 3170107        0.392823182
3143104 3104007        0.392396095
3143104 3170206        0.393810235
3143104 3148004         0.39344584
3143104 5205109        0.395076812
3143104 3103504        0.395372258
3143104 3148103        0.397526097
3143302 3170404        0.351470416
3143302 2911709         0.35868463
3143302 3167202        0.353412803
3143302 3120904        0.369379674
3143302 3135209        0.384004665
3143302 3168606        0.355362715
3143302 3135100        0.393238209
3143302 3136306        0.370055325
3143906 3301009        0.390233055
3143906 3305406         0.39279557
3143906 3139409        0.393560494
3143906 3171303         0.39691371
3143906 3169901        0.397168328
3143906 3302205          0.3971747
3143906 3304706        0.397334611
3143906 3138401        0.397391253
3144805 3133808        0.396134111
3144805 3118007        0.397759947
3144805 3118304        0.396764058
3144805 3106705        0.398322292
3144805 3118601        0.398538538
3144805 3146107         0.39782259
3144805 3106200        0.398746961
3144805 3156700        0.398550351
3145604 3147105        0.393840562
3145604 3118007        0.394051442
3145604 3126109        0.395070668
3145604 3162500        0.396089531
3145604 3122306        0.396367807
3145604 3138203         0.39680561
3145604 3111200        0.397148902
3145604 3133808        0.396111547
3146107 3106705        0.395689274
3146107 3118601        0.396081624
3146107 3136207        0.395904903
3146107 3106200        0.396781435
3146107 3144805         0.39782259
3146107 3118007        0.398469464
3146107 3118304        0.398297843
3146107 3156700        0.397025053
3147006 5300108        0.382626668
3147006 3143104        0.383092247
3147006 5212501        0.388825497
3147006 3148004        0.386121151
3147006 5221858        0.384752984
3147006 3170404        0.395116483
3147006 5205109        0.391886565
3147006 3136306        0.392454076
3147105 3144805        0.395633604
3147105 3107406        0.396054304
3147105 3167202        0.397244059
3147105 3106200        0.396399679
3147105 3133808        0.398583071
3147105 3122306        0.397814364
3147105 3106705        0.397863837
3147105 3118601        0.397279075
3147907 3104007        0.391244975
3147907 3126109        0.391505849
3147907 3530508        0.394740367
3147907 3151800        0.391854638
3147907 3164704        0.397806465
3147907 3516200        0.395336257
3147907 3128709        0.396959123
3147907 3101607        0.393695906
3148004 3103504        0.381665955
3148004 3107406        0.383190685
3148004 3147006        0.386121151
3148004 5205109        0.388375321
3148004 3148103        0.396337759
3148004 3104007        0.391231444
3148004 3143104         0.39344584
3148004 3136306        0.391131158
3148103 3516200        0.383507562
3148103 3170206        0.389192993
3148103 5205109        0.390287283
3148103 3103504        0.389879968
3148103 3104007        0.396249934
3148103 3148004        0.396337759
3148103 3143104        0.397526097
3148103 3170107        0.391621153
3151800 3152501         0.39537006
3151800 3101607        0.395757052
3151800 3530805         0.39538616
3151800 3522604        0.396349943
3151800 3530706        0.396566154
3151800 3549102        0.398426195
3151800 3530508        0.396850156
3151800 3128709        0.397251398
3152501 3518404        0.394286865
3152501 3101607        0.394352219
3152501 3508504        0.394431995
3152501 3522604        0.394637894
3152501 3538006         0.39529783
3152501 3549904        0.394866723
3152501 3132404        0.397138665
3152501 3151800         0.39537006
3156700 3167202        0.396567459
3156700 3146107        0.397025053
3156700 3136207        0.396655759
3156700 3106705        0.397828013
3156700 3131703        0.397188833
3156700 3118601         0.39837705
3156700 3106200        0.398730177
3156700 3144805        0.398550351
3162500 3111200        0.392498848
3162500 3169307        0.392713734
3162500 3138203        0.395450342
3162500 3118007        0.394589618
3162500 3136702        0.393641201
3162500 3105608        0.397595046
3162500 3145604        0.396089531
3162500 3118304        0.395398161
3164704 3551702        0.392712096
3164704 3540705        0.392736642
3164704 3543402        0.394478121
3164704 3151800        0.393093948
3164704 3128709        0.397501821
3164704 3530508        0.397272594
3164704 3147907        0.397806465
3164704 3516200        0.397292145
3167202 3144805        0.395783134
3167202 3156700        0.396567459
3167202 3133808        0.395810978
3167202 3106200        0.397126373
3167202 3118601        0.397553944
3167202 3120904        0.396434032
3167202 3147105        0.397244059
3167202 3106705        0.397363942
3168606 3203205         0.37214962
3168606 3131307        0.373054292
3168606 3113404        0.372768704
3168606 3201506        0.377498191
3168606 3127701        0.390156807
3168606 2931350        0.383426846
3168606 2915601        0.380637458
3168606 3204906        0.381751452
3168705 3156700        0.390206576
3168705 3127701        0.392929806
3168705 3136207        0.396602001
3168705 3139409        0.395044399
3168705 3131703        0.396021084
3168705 3119401        0.398837129
3168705 3131307        0.398857146
3168705 3113404        0.397297082
3169307 3162500        0.392713734
3169307 3152501         0.39371991
3169307 3111200        0.395410542
3169307 3513405        0.394237809
3169307 3170701        0.398592028
3169307 3132404        0.395443489
3169307 3138203         0.39770929
3169307 3101607        0.394947362
3169901 3118304        0.393743829
3169901 3305406        0.393781295
3169901 3304706        0.394165563
3169901 3105608        0.394644839
3169901 3171303        0.398104943
3169901 3136702        0.395001028
3169901 3143906        0.397168328
3169901 3138401        0.397145859
3170107 3505500        0.391053321
3170107 3516200        0.391181383
3170107 3103504        0.392579163
3170107 3127107        0.391479278
3170107 3170206        0.396357045
3170107 3104007        0.392901712
3170107 3143104        0.392823182
3170107 3148103        0.391621153
3170206 5205109        0.389173622
3170206 3148103        0.389192993
3170206 5211503        0.389238841
3170206 3134202             0.3902
3170206 3127107        0.390247993
3170206 3143104        0.393810235
3170206 3170107        0.396357045
3170206 3103504        0.397652123
3170404 5205109        0.380546787
3170404 5200258        0.383978544
3170404 5212501        0.390702487
3170404 3136306        0.385391217
3170404 3147006        0.395116483
3170404 5300108        0.391149288
3170404 5208004        0.391066907
3170404 5221858        0.390321209
3170701 3145604        0.392355879
3170701 3126109        0.392866196
3170701 3132404        0.394477476
3170701 3152501        0.394270184
3170701 3169307        0.398592028
3170701 3101607        0.396911408
3170701 3138203        0.397604194
3170701 3111200        0.396365653
3171303 3118007        0.392961008
3171303 3139409        0.393551129
3171303 3136207        0.393627227
3171303 3118304        0.394038969
3171303 3146107          0.3950713
3171303 3143906         0.39691371
3171303 3169901        0.398104943
3171303 3138401        0.394690419
3200607 3205309        0.390818897
3200607 3204906        0.392628183
3200607 3201308        0.396868003
3200607 3202405        0.394117717
3200607 3201506        0.397094432
3200607 3203205        0.397928163
3200607 3205002        0.398060478
3200607 3205200        0.396025652
3201209 3205002        0.391810961
3201209 3139409        0.391980934
3201209 3301009        0.392947262
3201209 3302205        0.394721841
3201209 3202405        0.396260607
3201209 3205200        0.394345029
3201209 3201308        0.394245639
3201209 3304755        0.396390083
3201308 3205309        0.388844696
3201308 3203205         0.39300098
3201308 3201506        0.394802511
3201308 3201209        0.394245639
3201308 3202405        0.398356946
3201308 3205200        0.398794357
3201308 3205002        0.398664996
3201308 3200607        0.396868003
3201506 3201209        0.387528731
3201506 3202405        0.391680959
3201506 3204906        0.393294409
3201506 3205200        0.393126355
3201506 3203205        0.396523806
3201506 3201308        0.394802511
3201506 3205002         0.39572742
3201506 3200607        0.397094432
3202405 3203205        0.388772036
3202405 3304755        0.392738565
3202405 3201506        0.391680959
3202405 3200607        0.394117717
3202405 3205200        0.398636546
3202405 3201308        0.398356946
3202405 3205002        0.397332052
3202405 3201209        0.396260607
3203205 3202405        0.388772036
3203205 3205309        0.389204258
3203205 3201308         0.39300098
3203205 3205200        0.391628214
3203205 3201506        0.396523806
3203205 3204906        0.396536477
3203205 3200607        0.397928163
3203205 3205002        0.395169482
3204906 3205200        0.381498766
3204906 3168606        0.381751452
3204906 3201308         0.38387949
3204906 3205002        0.387209469
3204906 3201506        0.393294409
3204906 3203205        0.396536477
3204906 3200607        0.392628183
3204906 2931350        0.388222334
3205002 3205309        0.390703814
3205002 3201209        0.391810961
3205002 3203205        0.395169482
3205002 3202405        0.397332052
3205002 3205200        0.398345134
3205002 3201506         0.39572742
3205002 3201308        0.398664996
3205002 3200607        0.398060478
3205200 3304755        0.389792201
3205200 3203205        0.391628214
3205200 3201506        0.393126355
3205200 3201209        0.394345029
3205200 3202405        0.398636546
3205200 3201308        0.398794357
3205200 3205002        0.398345134
3205200 3200607        0.396025652
3205309 3204906        0.380199055
3205309 3201506        0.381488808
3205309 3201308        0.388844696
3205309 3205200        0.389696083
3205309 3202405        0.386735304
3205309 3203205        0.389204258
3205309 3200607        0.390818897
3205309 3205002        0.390703814
3300100 3513405        0.395256467
3300100 3555406        0.395311306
3300100 3527207        0.395728919
3300100 3300308        0.395906066
3300100 3304201        0.397050538
3300100 3306305        0.397051336
3300100 3300407        0.397397369
3300100 3302007        0.397100917
3300209 3304904        0.395946323
3300209 3301900        0.397053212
3300209 3303401        0.397545448
3300209 3302403        0.397079174
3300209 3300704        0.398595662
3300209 3304300        0.398416523
3300209 3305505        0.398546538
3300209 3302700        0.397144758
3300308 3303203        0.396601712
3300308 3300456        0.396667401
3300308 3303500        0.397516837
3300308 3304201         0.39698492
3300308 3306305        0.398732973
3300308 3306107        0.398703357
3300308 3300407         0.39844978
3300308 3302007        0.397839161
3300407 3513405        0.394932012
3300407 3303500        0.395925378
3300407 3306107         0.39784334
3300407 3300100        0.397397369
3300407 3300308         0.39844978
3300407 3306305        0.398880906
3300407 3304201         0.39838871
3300407 3302007        0.397433574
3300456 3304904        0.398021405
3300456 3303302        0.398114376
3300456 3303500        0.398837973
3300456 3302502        0.398444606
3300456 3301702        0.398850748
3300456 3305109        0.398922578
3300456 3303203        0.398875134
3300456 3304557        0.398682926
3300704 3305802        0.394022751
3300704 3301900        0.395131096
3300704 3304300        0.397246816
3300704 3302700        0.395239852
3300704 3305505        0.397496701
3300704 3300209        0.398595662
3300704 3302403        0.397872778
3300704 3303401        0.396845571
3301009 3303401        0.389840936
3301009 3143906        0.390233055
3301009 3304706        0.395003437
3301009 3300704        0.390888476
3301009 3302205        0.395863223
3301009 3302403        0.395177369
3301009 3304755        0.397857668
3301009 3201209        0.392947262
3301702 3304904        0.398168656
3301702 3304557        0.398298183
3301702 3303203        0.398628856
3301702 3303906        0.398491393
3301702 3305109         0.39877673
3301702 3303500        0.398679148
3301702 3300456        0.398850748
3301702 3302502        0.398730614
3301900 3301702        0.397670737
3301900 3305802        0.397801257
3301900 3304300        0.398515512
3301900 3305505        0.398166158
3301900 3303302        0.398535821
3301900 3304904        0.398785483
3301900 3302700        0.398768765
3301900 3302502        0.398429857
3302007 3300407        0.397433574
3302007 3300456        0.397698743
3302007 3305109        0.397695368
3302007 3306305        0.397754203
3302007 3303203        0.398033563
3302007 3304557        0.398098718
3302007 3303500         0.39819742
3302007 3300308        0.397839161
3302205 3302403        0.392067371
3302205 3139409        0.392363365
3302205 3304755        0.395260261
3302205 3138401        0.394960238
3302205 3201209        0.394721841
3302205 3304706        0.397751917
3302205 3143906          0.3971747
3302205 3301009        0.395863223
3302403 3305406        0.394234472
3302403 3305505        0.395163308
3302403 3304300        0.395555763
3302403 3301009        0.395177369
3302403 3300704        0.397872778
3302403 3300209        0.397079174
3302403 3303401        0.397291655
3302403 3304706        0.395390925
3302502 3303203        0.398085369
3302502 3303302         0.39837641
3302502 3300456        0.398444606
3302502 3305109        0.398383818
3302502 3304904        0.398591564
3302502 3301702        0.398730614
3302502 3303906        0.398652846
3302502 3301900        0.398429857
3302700 3301702        0.397064399
3302700 3300209        0.397144758
3302700 3304300        0.398432864
3302700 3302502        0.397869173
3302700 3301900        0.398768765
3302700 3304904        0.398698549
3302700 3303302        0.398600567
3302700 3305505        0.398400012
3303203 3302007        0.398033563
3303203 3303302        0.398051903
3303203 3303500        0.398803049
3303203 3302502        0.398085369
3303203 3301702        0.398628856
3303203 3305109        0.398910193
3303203 3304557        0.398876688
3303203 3300456        0.398875134
3303302 3303203        0.398051903
3303302 3301702        0.398104379
3303302 3305109        0.398264456
3303302 3300456        0.398114376
3303302 3301900        0.398535821
3303302 3304904        0.398873833
3303302 3302700        0.398600567
3303302 3302502         0.39837641
3303401 3300704        0.396845571
3303401 3305505        0.397073184
3303401 3300209        0.397545448
3303401 3301900         0.39708715
3303401 3305406        0.397799317
3303401 3305802        0.398110109
3303401 3304300        0.397864291
3303401 3302403        0.397291655
3303500 3303906        0.397729383
3303500 3302502        0.398002645
3303500 3305109        0.398772864
3303500 3302007         0.39819742
3303500 3301702        0.398679148
3303500 3303203        0.398803049
3303500 3300456        0.398837973
3303500 3304557        0.398592816
3303906 3304904        0.397694385
3303906 3305109        0.397786126
3303906 3303500        0.397729383
3303906 3305802        0.398416859
3303906 3301702        0.398491393
3303906 3300456        0.397997494
3303906 3302502        0.398652846
3303906 3306008        0.398478739
3304201 3302007        0.395304559
3304201 3527207        0.396214551
3304201 3300100        0.397050538
3304201 3306107        0.396334641
3304201 3300407         0.39838871
3304201 3513405        0.397238722
3304201 3306305        0.397984461
3304201 3300308         0.39698492
3304300 3305802        0.397392913
3304300 3303302        0.397439399
3304300 3300209        0.398416523
3304300 3303401        0.397864291
3304300 3305505        0.398789697
3304300 3302700        0.398432864
3304300 3301900        0.398515512
3304300 3304904        0.397890071
3304557 3302502        0.397682759
3304557 3303302        0.398003215
3304557 3303500        0.398592816
3304557 3302007        0.398098718
3304557 3301702        0.398298183
3304557 3305109        0.398783726
3304557 3303203        0.398876688
3304557 3300456        0.398682926
3304706 3169901        0.394165563
3304706 3301009        0.395003437
3304706 3303401        0.394884636
3304706 3302403        0.395390925
3304706 3305406        0.395258326
3304706 3143906        0.397334611
3304706 3302205        0.397751917
3304706 3138401        0.397719815
3304755 3201308        0.388559853
3304755 3304706        0.392160707
3304755 3205200        0.389792201
3304755 3302205        0.395260261
3304755 3202405        0.392738565
3304755 3302403        0.390147992
3304755 3201209        0.396390083
3304755 3301009        0.397857668
3304904 3304300        0.397890071
3304904 3300456        0.398021405
3304904 3305109        0.398119339
3304904 3301702        0.398168656
3304904 3301900        0.398785483
3304904 3302700        0.398698549
3304904 3303302        0.398873833
3304904 3302502        0.398591564
3305109 3304904        0.398119339
3305109 3303302        0.398264456
3305109 3303500        0.398772864
3305109 3302502        0.398383818
3305109 3301702         0.39877673
3305109 3300456        0.398922578
3305109 3303203        0.398910193
3305109 3304557        0.398783726
3305406 3301900        0.395786377
3305406 3136702         0.39600947
3305406 3303401        0.397799317
3305406 3302502        0.396356515
3305406 3305802        0.398422251
3305406 3306008        0.398371973
3305406 3303906          0.3974302
3305406 3138401        0.397395215
3305505 3303401        0.397073184
3305505 3303302        0.397206998
3305505 3304904        0.397552473
3305505 3300704        0.397496701
3305505 3301900        0.398166158
3305505 3304300        0.398789697
3305505 3300209        0.398546538
3305505 3302700        0.398400012
3305802 3304904        0.397281488
3305802 3304300        0.397392913
3305802 3303401        0.398110109
3305802 3301900        0.397801257
3305802 3305406        0.398422251
3305802 3306008        0.398378775
3305802 3303906        0.398416859
3305802 3302502        0.398059939
3306008 3300456        0.396337323
3306008 3301702        0.397185569
3306008 3303401         0.39646439
3306008 3136702        0.397346302
3306008 3305406        0.398371973
3306008 3305802        0.398378775
3306008 3303906        0.398478739
3306008 3302502        0.397505162
3306107 3301702        0.396130375
3306107 3304201        0.396334641
3306107 3136702        0.396582616
3306107 3302007         0.39670745
3306107 3300407         0.39784334
3306107 3306305        0.398228031
3306107 3300308        0.398703357
3306107 3303500        0.396954249
3306305 3303203        0.395688155
3306305 3303500        0.396649903
3306305 3304201        0.397984461
3306305 3300100        0.397051336
3306305 3300308        0.398732973
3306305 3306107        0.398228031
3306305 3300407        0.398880906
3306305 3302007        0.397754203
3500105 3504008        0.390294198
3500105 3535507        0.393194038
3500105 3541505        0.395011026
3500105 3506508        0.395368873
3500105 3541406         0.39741066
3500105 3514403        0.397273269
